0.0 62.0 33.0 29.0 106.0 136.0 89.0 104.0 56.0 57.0 85.0 87.0 119.0 146.0 74.0 60.0 85.0 76.0 33.0 281.0 199.0 122.0 235.0 75.0 33.0 252.0 94.0 73.0 66.0 727.0 97.0 121.0 87.0 19.0 169.0 119.0 117.0 121.0 87.0 158.0 54.0 102.0 87.0 194.0 40.0 118.0 78.0 146.0 128.0 47.0 110.0 99.0 112.0 50.0 20.0 180.0 143.0 106.0 46.0 74.0 37.0 53.0 140.0 81.0 137.0 106.0 86.0 110.0 98.0 60.0 94.0 79.0 68.0 160.0 47.0 46.0 158.0 122.0 79.0 121.0 107.0 107.0 53.0 235.0 33.0 83.0 146.0 114.0 75.0 45.0 43.0 103.0 102.0 101.0 120.0 47.0 118.0 72.0 82.0 42.0 49.0 143.0 85.0 129.0 153.0 102.0 78.0 88.0 129.0 119.0 39.0 25.0 62.0 183.0 225.0 192.0 85.0 44.0 35.0 20.0 160.0 71.0 96.0 240.0 46.0 137.0 110.0 122.0 95.0 43.0 76.0 185.0 101.0 28.0 102.0 136.0 74.0 181.0 93.0 64.0 128.0 42.0 303.0 30.0 60.0 165.0 83.0 54.0 229.0 132.0 64.0 127.0 54.0 36.0 123.0 43.0 78.0 42.0 76.0 35.0 69.0 37.0 126.0 52.0 115.0 126.0 128.0 202.0 134.0 59.0 123.0 111.0 140.0 113.0 100.0 52.0 68.0 77.0 36.0 33.0 60.0 128.0 33.0 87.0 114.0 114.0 85.0 138.0 35.0 74.0 124.0 243.0 75.0 91.0 154.0 74.0 118.0 88.0 102.0 61.0 47.0 195.0 50.0 184.0 56.0 131.0 113.0 39.0 49.0 125.0 116.0 70.0 76.0 104.0 122.0 76.0 66.0 54.0 52.0 201.0 43.0 42.0 100.0 70.0 63.0 56.0 19.0 83.0 86.0 118.0 69.0 45.0 49.0 55.0 120.0 99.0 72.0 69.0 21.0 157.0 24.0 63.0 78.0 97.0
62.0 0.0 89.0 183.0 69.0 294.0 150.0 145.0 110.0 40.0 37.0 192.0 167.0 154.0 67.0 121.0 40.0 158.0 39.0 207.0 195.0 161.0 152.0 129.0 16.0 212.0 108.0 192.0 26.0 736.0 188.0 200.0 48.0 74.0 159.0 213.0 147.0 59.0 59.0 216.0 151.0 95.0 89.0 138.0 17.0 157.0 82.0 154.0 19.0 123.0 146.0 305.0 223.0 82.0 43.0 116.0 90.0 113.0 133.0 89.0 86.0 118.0 74.0 140.0 110.0 79.0 74.0 109.0 76.0 81.0 108.0 99.0 35.0 78.0 22.0 133.0 216.0 117.0 189.0 59.0 125.0 119.0 173.0 152.0 16.0 14.0 88.0 72.0 123.0 88.0 75.0 64.0 155.0 150.0 147.0 52.0 130.0 118.0 92.0 52.0 122.0 141.0 75.0 132.0 152.0 56.0 55.0 80.0 111.0 167.0 78.0 150.0 119.0 168.0 103.0 223.0 132.0 142.0 58.0 72.0 78.0 110.0 52.0 174.0 72.0 92.0 146.0 161.0 83.0 20.0 149.0 168.0 157.0 65.0 95.0 127.0 79.0 129.0 38.0 189.0 160.0 79.0 265.0 95.0 151.0 181.0 148.0 130.0 114.0 237.0 134.0 93.0 71.0 109.0 133.0 11.0 40.0 67.0 39.0 24.0 116.0 55.0 85.0 114.0 149.0 198.0 145.0 173.0 240.0 99.0 118.0 52.0 187.0 91.0 110.0 15.0 164.0 68.0 109.0 39.0 151.0 19.0 39.0 48.0 72.0 197.0 143.0 113.0 58.0 89.0 126.0 150.0 45.0 179.0 144.0 133.0 238.0 85.0 155.0 121.0 43.0 103.0 169.0 273.0 78.0 70.0 133.0 47.0 72.0 118.0 86.0 101.0 63.0 117.0 107.0 31.0 74.0 70.0 88.0 77.0 79.0 89.0 110.0 33.0 151.0 110.0 147.0 84.0 74.0 161.0 64.0 40.0 122.0 84.0 106.0 58.0 62.0 134.0 108.0 66.0 45.0 169.0 104.0 75.0
33.0 89.0 0.0 46.0 136.0 181.0 211.0 246.0 79.0 81.0 103.0 99.0 72.0 164.0 157.0 67.0 146.0 56.0 82.0 454.0 324.0 217.0 279.0 119.0 66.0 330.0 137.0 94.0 89.0 871.0 149.0 162.0 142.0 51.0 203.0 172.0 156.0 201.0 112.0 156.0 43.0 136.0 51.0 220.0 54.0 23.0 168.0 164.0 101.0 60.0 75.0 246.0 130.0 47.0 95.0 217.0 351.0 188.0 68.0 89.0 49.0 30.0 89.0 45.0 187.0 103.0 44.0 236.0 71.0 61.0 137.0 193.0 101.0 206.0 56.0 68.0 156.0 208.0 113.0 201.0 130.0 167.0 44.0 279.0 66.0 92.0 210.0 152.0 68.0 26.0 53.0 181.0 83.0 131.0 157.0 77.0 135.0 87.0 123.0 61.0 40.0 364.0 177.0 221.0 257.0 114.0 115.0 124.0 201.0 97.0 51.0 62.0 120.0 347.0 324.0 225.0 194.0 27.0 50.0 59.0 206.0 167.0 58.0 254.0 82.0 56.0 75.0 217.0 96.0 79.0 102.0 211.0 73.0 74.0 136.0 218.0 114.0 393.0 91.0 91.0 218.0 111.0 303.0 79.0 101.0 328.0 81.0 54.0 321.0 172.0 16.0 232.0 75.0 51.0 83.0 85.0 105.0 104.0 90.0 71.0 71.0 87.0 241.0 192.0 148.0 163.0 124.0 287.0 138.0 91.0 146.0 109.0 294.0 94.0 65.0 46.0 38.0 127.0 51.0 82.0 101.0 101.0 82.0 142.0 152.0 129.0 115.0 292.0 50.0 89.0 222.0 250.0 58.0 121.0 328.0 49.0 257.0 109.0 126.0 47.0 105.0 170.0 118.0 251.0 82.0 129.0 129.0 145.0 58.0 160.0 90.0 102.0 81.0 126.0 51.0 81.0 83.0 133.0 88.0 244.0 51.0 76.0 65.0 79.0 104.0 79.0 29.0 152.0 44.0 86.0 114.0 98.0 40.0 74.0 160.0 87.0 93.0 76.0 47.0 360.0 69.0 43.0 79.0 100.0
29.0 183.0 46.0 0.0 119.0 254.0 108.0 161.0 106.0 66.0 103.0 96.0 33.0 176.0 151.0 59.0 102.0 62.0 117.0 511.0 419.0 125.0 232.0 126.0 77.0 263.0 118.0 113.0 141.0 899.0 169.0 191.0 151.0 103.0 212.0 90.0 192.0 177.0 101.0 202.0 124.0 166.0 18.0 316.0 55.0 190.0 109.0 176.0 141.0 89.0 117.0 238.0 191.0 111.0 85.0 246.0 113.0 159.0 130.0 110.0 101.0 25.0 87.0 123.0 215.0 122.0 66.0 174.0 163.0 174.0 118.0 143.0 104.0 167.0 88.0 130.0 202.0 155.0 90.0 177.0 138.0 101.0 103.0 232.0 77.0 48.0 262.0 141.0 101.0 112.0 71.0 150.0 82.0 185.0 127.0 117.0 72.0 48.0 45.0 58.0 114.0 164.0 149.0 136.0 201.0 178.0 99.0 168.0 216.0 120.0 49.0 124.0 78.0 215.0 325.0 325.0 283.0 84.0 161.0 118.0 167.0 141.0 117.0 240.0 100.0 151.0 117.0 125.0 128.0 137.0 84.0 286.0 73.0 61.0 166.0 201.0 83.0 208.0 98.0 201.0 125.0 51.0 347.0 89.0 72.0 277.0 33.0 96.0 309.0 106.0 57.0 75.0 117.0 89.0 115.0 63.0 139.0 72.0 123.0 75.0 54.0 156.0 212.0 134.0 135.0 150.0 164.0 371.0 259.0 162.0 217.0 172.0 181.0 98.0 143.0 80.0 121.0 141.0 89.0 117.0 72.0 141.0 117.0 151.0 141.0 142.0 175.0 72.0 161.0 110.0 242.0 205.0 39.0 120.0 216.0 133.0 194.0 95.0 261.0 138.0 96.0 158.0 136.0 334.0 103.0 221.0 198.0 195.0 150.0 203.0 178.0 120.0 73.0 140.0 63.0 144.0 80.0 108.0 85.0 263.0 53.0 91.0 143.0 117.0 68.0 106.0 61.0 66.0 66.0 110.0 82.0 81.0 114.0 80.0 206.0 152.0 153.0 70.0 25.0 119.0 35.0 82.0 95.0 87.0
106.0 69.0 136.0 119.0 0.0 101.0 180.0 94.0 46.0 86.0 104.0 88.0 64.0 192.0 55.0 117.0 99.0 132.0 159.0 380.0 97.0 161.0 81.0 75.0 116.0 139.0 158.0 185.0 65.0 724.0 53.0 100.0 90.0 90.0 187.0 108.0 106.0 84.0 44.0 115.0 121.0 97.0 88.0 138.0 123.0 227.0 84.0 192.0 165.0 84.0 114.0 73.0 143.0 145.0 106.0 218.0 129.0 122.0 76.0 92.0 79.0 141.0 66.0 55.0 84.0 135.0 187.0 122.0 96.0 88.0 158.0 177.0 81.0 129.0 84.0 76.0 115.0 103.0 119.0 84.0 146.0 91.0 144.0 81.0 116.0 166.0 92.0 102.0 87.0 115.0 108.0 85.0 99.0 69.0 146.0 106.0 80.0 57.0 84.0 133.0 61.0 150.0 102.0 131.0 92.0 116.0 77.0 126.0 87.0 106.0 103.0 118.0 101.0 180.0 101.0 112.0 89.0 101.0 135.0 97.0 129.0 112.0 181.0 97.0 86.0 199.0 114.0 161.0 78.0 103.0 111.0 194.0 117.0 111.0 97.0 101.0 92.0 443.0 108.0 88.0 111.0 84.0 108.0 81.0 93.0 139.0 45.0 67.0 133.0 135.0 117.0 75.0 140.0 57.0 117.0 110.0 49.0 36.0 105.0 184.0 56.0 75.0 40.0 56.0 124.0 184.0 107.0 236.0 181.0 134.0 196.0 140.0 204.0 113.0 103.0 147.0 91.0 95.0 57.0 159.0 93.0 165.0 159.0 90.0 102.0 118.0 130.0 131.0 135.0 92.0 72.0 145.0 95.0 113.0 96.0 131.0 345.0 46.0 158.0 85.0 33.0 236.0 88.0 57.0 110.0 163.0 79.0 129.0 174.0 114.0 132.0 135.0 92.0 106.0 127.0 54.0 68.0 72.0 94.0 91.0 105.0 30.0 103.0 164.0 144.0 46.0 91.0 70.0 187.0 87.0 61.0 102.0 61.0 130.0 98.0 101.0 115.0 108.0 86.0 110.0 95.0 128.0 139.0 75.0
136.0 294.0 181.0 254.0 101.0 0.0 131.0 194.0 180.0 183.0 140.0 155.0 197.0 207.0 175.0 84.0 144.0 125.0 182.0 14.0 24.0 136.0 95.0 165.0 183.0 109.0 131.0 328.0 138.0 26.0 98.0 43.0 165.0 146.0 181.0 111.0 49.0 82.0 85.0 156.0 145.0 198.0 158.0 106.0 189.0 255.0 166.0 207.0 131.0 120.0 187.0 52.0 215.0 214.0 95.0 7.0 91.0 222.0 123.0 85.0 242.0 178.0 63.0 166.0 45.0 251.0 209.0 159.0 128.0 128.0 131.0 93.0 94.0 165.0 101.0 123.0 156.0 197.0 214.0 82.0 171.0 125.0 273.0 95.0 183.0 96.0 150.0 154.0 107.0 191.0 124.0 99.0 193.0 88.0 171.0 203.0 195.0 77.0 166.0 245.0 72.0 261.0 138.0 75.0 170.0 148.0 172.0 117.0 117.0 239.0 156.0 254.0 177.0 304.0 26.0 48.0 203.0 144.0 187.0 192.0 165.0 120.0 199.0 117.0 164.0 187.0 187.0 136.0 119.0 130.0 216.0 231.0 163.0 173.0 198.0 136.0 189.0 28.0 32.0 141.0 114.0 110.0 29.0 191.0 168.0 74.0 144.0 148.0 136.0 179.0 170.0 65.0 176.0 201.0 214.0 94.0 55.0 78.0 56.0 202.0 245.0 145.0 191.0 154.0 129.0 290.0 238.0 192.0 299.0 229.0 219.0 179.0 312.0 164.0 251.0 206.0 195.0 132.0 201.0 182.0 168.0 131.0 182.0 165.0 154.0 209.0 250.0 110.0 187.0 85.0 50.0 182.0 267.0 194.0 96.0 300.0 120.0 96.0 201.0 155.0 169.0 208.0 152.0 66.0 188.0 158.0 154.0 205.0 166.0 5.0 319.0 203.0 151.0 154.0 113.0 109.0 212.0 171.0 166.0 71.0 118.0 180.0 251.0 80.0 135.0 180.0 219.0 117.0 209.0 179.0 86.0 188.0 72.0 204.0 14.0 111.0 169.0 181.0 241.0 83.0 298.0 213.0 202.0 145.0
89.0 150.0 211.0 108.0 180.0 131.0 0.0 115.0 126.0 166.0 158.0 117.0 113.0 109.0 116.0 40.0 110.0 113.0 166.0 236.0 192.0 161.0 130.0 157.0 102.0 172.0 82.0 182.0 120.0 556.0 88.0 118.0 164.0 86.0 174.0 75.0 129.0 88.0 25.0 118.0 125.0 156.0 118.0 136.0 168.0 226.0 31.0 109.0 217.0 203.0 165.0 175.0 179.0 116.0 135.0 118.0 122.0 96.0 144.0 69.0 191.0 164.0 59.0 122.0 137.0 225.0 113.0 184.0 157.0 149.0 82.0 132.0 166.0 186.0 86.0 144.0 118.0 127.0 146.0 88.0 182.0 40.0 181.0 130.0 102.0 103.0 167.0 99.0 186.0 131.0 129.0 90.0 77.0 62.0 227.0 186.0 60.0 113.0 120.0 154.0 138.0 36.0 78.0 109.0 117.0 130.0 107.0 65.0 121.0 139.0 54.0 181.0 122.0 121.0 132.0 172.0 135.0 170.0 210.0 88.0 186.0 98.0 85.0 271.0 25.0 152.0 165.0 161.0 114.0 117.0 97.0 179.0 113.0 72.0 156.0 203.0 78.0 146.0 121.0 66.0 131.0 96.0 313.0 145.0 123.0 152.0 114.0 198.0 109.0 214.0 82.0 60.0 156.0 122.0 121.0 130.0 99.0 77.0 155.0 113.0 94.0 90.0 238.0 55.0 132.0 157.0 135.0 165.0 156.0 88.0 221.0 48.0 232.0 243.0 158.0 146.0 140.0 110.0 122.0 166.0 123.0 217.0 166.0 164.0 99.0 252.0 222.0 88.0 210.0 69.0 134.0 258.0 135.0 174.0 248.0 193.0 208.0 142.0 270.0 146.0 67.0 110.0 111.0 152.0 108.0 110.0 148.0 95.0 144.0 185.0 123.0 251.0 121.0 195.0 130.0 83.0 109.0 43.0 106.0 168.0 146.0 165.0 158.0 149.0 30.0 126.0 84.0 47.0 113.0 238.0 166.0 166.0 138.0 97.0 123.0 116.0 104.0 99.0 128.0 26.0 57.0 99.0 99.0 69.0
104.0 145.0 246.0 161.0 94.0 194.0 115.0 0.0 143.0 106.0 49.0 180.0 157.0 184.0 131.0 103.0 69.0 126.0 211.0 234.0 82.0 83.0 161.0 102.0 196.0 118.0 77.0 195.0 37.0 459.0 256.0 131.0 106.0 157.0 153.0 116.0 217.0 203.0 94.0 216.0 369.0 50.0 139.0 106.0 113.0 184.0 63.0 184.0 112.0 200.0 161.0 308.0 221.0 104.0 106.0 172.0 42.0 149.0 157.0 83.0 158.0 164.0 97.0 152.0 147.0 225.0 179.0 100.0 99.0 112.0 77.0 58.0 93.0 141.0 165.0 157.0 216.0 68.0 176.0 203.0 103.0 104.0 240.0 161.0 196.0 138.0 89.0 68.0 121.0 231.0 81.0 120.0 128.0 172.0 149.0 172.0 103.0 85.0 148.0 154.0 118.0 77.0 102.0 52.0 179.0 171.0 131.0 78.0 135.0 242.0 141.0 149.0 163.0 89.0 211.0 172.0 160.0 243.0 141.0 155.0 141.0 59.0 180.0 167.0 57.0 223.0 161.0 83.0 95.0 73.0 190.0 110.0 150.0 149.0 50.0 95.0 145.0 247.0 49.0 189.0 70.0 79.0 215.0 94.0 127.0 120.0 161.0 164.0 158.0 217.0 152.0 87.0 127.0 143.0 141.0 119.0 28.0 101.0 56.0 173.0 229.0 160.0 210.0 110.0 127.0 235.0 186.0 125.0 242.0 176.0 163.0 97.0 235.0 189.0 225.0 148.0 167.0 81.0 143.0 211.0 127.0 112.0 211.0 106.0 68.0 161.0 210.0 50.0 141.0 83.0 129.0 117.0 91.0 229.0 152.0 241.0 199.0 75.0 234.0 117.0 89.0 77.0 116.0 173.0 58.0 136.0 177.0 136.0 101.0 262.0 239.0 227.0 109.0 176.0 151.0 64.0 72.0 54.0 125.0 154.0 75.0 91.0 225.0 142.0 160.0 143.0 158.0 157.0 179.0 143.0 57.0 94.0 118.0 160.0 201.0 94.0 111.0 127.0 161.0 82.0 224.0 133.0 95.0 73.0
56.0 110.0 79.0 106.0 46.0 180.0 126.0 143.0 0.0 58.0 67.0 67.0 106.0 51.0 99.0 47.0 86.0 7.0 111.0 368.0 220.0 138.0 252.0 77.0 115.0 211.0 99.0 176.0 84.0 759.0 89.0 158.0 149.0 48.0 128.0 72.0 139.0 128.0 41.0 130.0 51.0 190.0 34.0 134.0 65.0 35.0 93.0 51.0 135.0 70.0 118.0 240.0 81.0 80.0 21.0 198.0 315.0 146.0 73.0 43.0 56.0 118.0 78.0 89.0 137.0 49.0 124.0 229.0 133.0 50.0 99.0 116.0 85.0 109.0 127.0 73.0 130.0 222.0 43.0 128.0 63.0 56.0 74.0 252.0 115.0 39.0 138.0 68.0 92.0 101.0 33.0 139.0 75.0 74.0 58.0 122.0 74.0 63.0 80.0 109.0 92.0 244.0 43.0 191.0 65.0 60.0 88.0 76.0 153.0 38.0 100.0 83.0 54.0 217.0 281.0 199.0 9.0 67.0 133.0 33.0 109.0 69.0 93.0 275.0 45.0 114.0 118.0 138.0 104.0 97.0 94.0 215.0 46.0 77.0 190.0 99.0 138.0 163.0 102.0 106.0 90.0 38.0 310.0 76.0 46.0 197.0 54.0 29.0 360.0 70.0 86.0 91.0 81.0 52.0 144.0 60.0 83.0 31.0 63.0 91.0 36.0 47.0 93.0 102.0 136.0 186.0 111.0 209.0 181.0 67.0 44.0 92.0 79.0 59.0 88.0 101.0 139.0 84.0 52.0 111.0 46.0 135.0 111.0 149.0 68.0 93.0 14.0 155.0 133.0 43.0 149.0 274.0 69.0 37.0 224.0 118.0 145.0 91.0 26.0 84.0 42.0 177.0 38.0 172.0 132.0 66.0 67.0 95.0 98.0 142.0 61.0 34.0 71.0 160.0 159.0 91.0 119.0 96.0 41.0 121.0 36.0 34.0 88.0 84.0 108.0 0.0 75.0 71.0 124.0 34.0 43.0 137.0 92.0 96.0 142.0 112.0 69.0 137.0 90.0 284.0 64.0 140.0 73.0 79.0
57.0 40.0 81.0 66.0 86.0 183.0 166.0 106.0 58.0 0.0 50.0 113.0 114.0 115.0 99.0 51.0 74.0 38.0 152.0 142.0 205.0 130.0 130.0 55.0 63.0 218.0 112.0 134.0 57.0 680.0 93.0 122.0 47.0 83.0 186.0 50.0 144.0 106.0 75.0 118.0 56.0 98.0 74.0 196.0 25.0 84.0 73.0 115.0 105.0 92.0 144.0 221.0 164.0 27.0 59.0 129.0 79.0 105.0 63.0 76.0 70.0 83.0 129.0 75.0 120.0 83.0 90.0 86.0 84.0 76.0 112.0 51.0 100.0 160.0 46.0 63.0 118.0 95.0 96.0 106.0 74.0 49.0 149.0 130.0 63.0 36.0 81.0 124.0 83.0 102.0 41.0 73.0 102.0 15.0 153.0 32.0 99.0 59.0 116.0 112.0 45.0 195.0 123.0 94.0 137.0 129.0 101.0 114.0 127.0 170.0 103.0 73.0 113.0 192.0 140.0 228.0 171.0 121.0 56.0 82.0 160.0 167.0 90.0 161.0 73.0 133.0 144.0 130.0 81.0 132.0 127.0 230.0 44.0 88.0 98.0 153.0 70.0 173.0 121.0 183.0 80.0 74.0 279.0 29.0 94.0 197.0 63.0 115.0 80.0 171.0 74.0 125.0 46.0 91.0 131.0 32.0 45.0 80.0 63.0 65.0 59.0 68.0 76.0 77.0 65.0 192.0 157.0 210.0 155.0 104.0 162.0 58.0 202.0 157.0 128.0 50.0 113.0 121.0 91.0 152.0 94.0 105.0 152.0 47.0 124.0 130.0 135.0 99.0 56.0 76.0 117.0 93.0 43.0 128.0 116.0 145.0 171.0 25.0 164.0 54.0 50.0 152.0 145.0 312.0 32.0 138.0 140.0 66.0 69.0 155.0 79.0 111.0 87.0 133.0 50.0 46.0 51.0 88.0 97.0 93.0 18.0 40.0 128.0 59.0 88.0 58.0 97.0 143.0 90.0 156.0 50.0 18.0 45.0 104.0 131.0 89.0 87.0 48.0 55.0 133.0 61.0 89.0 41.0 44.0
85.0 37.0 103.0 103.0 104.0 140.0 158.0 49.0 67.0 50.0 0.0 125.0 77.0 166.0 91.0 76.0 92.0 86.0 92.0 133.0 182.0 114.0 112.0 135.0 62.0 150.0 104.0 147.0 83.0 616.0 128.0 145.0 47.0 103.0 169.0 97.0 143.0 155.0 109.0 200.0 167.0 78.0 80.0 126.0 53.0 105.0 85.0 166.0 75.0 122.0 142.0 168.0 175.0 62.0 84.0 113.0 59.0 94.0 95.0 53.0 57.0 118.0 115.0 64.0 130.0 97.0 156.0 112.0 125.0 73.0 104.0 60.0 86.0 118.0 103.0 95.0 200.0 70.0 127.0 155.0 133.0 100.0 139.0 112.0 62.0 56.0 129.0 96.0 111.0 123.0 50.0 123.0 101.0 62.0 149.0 75.0 90.0 75.0 135.0 110.0 93.0 137.0 119.0 86.0 140.0 159.0 118.0 87.0 131.0 161.0 102.0 99.0 107.0 127.0 107.0 172.0 180.0 168.0 113.0 75.0 118.0 137.0 85.0 148.0 58.0 140.0 142.0 114.0 94.0 43.0 158.0 194.0 96.0 101.0 78.0 128.0 118.0 171.0 94.0 171.0 124.0 99.0 178.0 77.0 115.0 143.0 58.0 62.0 129.0 190.0 112.0 65.0 66.0 103.0 126.0 47.0 52.0 56.0 97.0 81.0 78.0 57.0 139.0 110.0 138.0 198.0 145.0 124.0 158.0 125.0 121.0 146.0 257.0 177.0 207.0 56.0 214.0 116.0 103.0 92.0 115.0 75.0 92.0 47.0 96.0 151.0 151.0 98.0 113.0 53.0 107.0 101.0 49.0 144.0 123.0 161.0 162.0 60.0 167.0 116.0 64.0 90.0 55.0 178.0 27.0 115.0 172.0 144.0 77.0 154.0 82.0 115.0 52.0 116.0 78.0 59.0 69.0 89.0 109.0 134.0 44.0 43.0 207.0 77.0 166.0 67.0 126.0 125.0 156.0 103.0 88.0 31.0 93.0 112.0 137.0 93.0 70.0 87.0 106.0 128.0 82.0 115.0 131.0 72.0
87.0 192.0 99.0 96.0 88.0 155.0 117.0 180.0 67.0 113.0 125.0 0.0 118.0 70.0 151.0 110.0 129.0 106.0 108.0 176.0 132.0 200.0 270.0 118.0 65.0 182.0 128.0 82.0 117.0 753.0 120.0 152.0 128.0 58.0 154.0 150.0 161.0 116.0 102.0 171.0 111.0 146.0 61.0 142.0 94.0 96.0 161.0 70.0 202.0 86.0 72.0 106.0 77.0 129.0 186.0 154.0 161.0 80.0 88.0 103.0 36.0 61.0 107.0 105.0 154.0 84.0 103.0 159.0 106.0 85.0 128.0 143.0 122.0 115.0 75.0 88.0 171.0 210.0 101.0 116.0 102.0 168.0 60.0 270.0 65.0 128.0 146.0 135.0 126.0 62.0 92.0 132.0 78.0 142.0 59.0 95.0 164.0 69.0 98.0 76.0 94.0 220.0 112.0 171.0 49.0 74.0 95.0 136.0 170.0 29.0 98.0 78.0 77.0 295.0 170.0 192.0 108.0 81.0 63.0 86.0 115.0 169.0 90.0 249.0 107.0 141.0 72.0 200.0 122.0 136.0 97.0 153.0 154.0 83.0 146.0 126.0 86.0 219.0 127.0 116.0 164.0 92.0 150.0 67.0 97.0 157.0 113.0 86.0 173.0 47.0 81.0 186.0 116.0 74.0 103.0 125.0 116.0 88.0 129.0 80.0 100.0 48.0 163.0 162.0 70.0 145.0 83.0 157.0 330.0 146.0 86.0 136.0 147.0 58.0 128.0 129.0 41.0 135.0 74.0 108.0 97.0 202.0 108.0 128.0 135.0 148.0 76.0 184.0 63.0 103.0 160.0 207.0 84.0 95.0 95.0 99.0 158.0 112.0 80.0 85.0 92.0 234.0 65.0 120.0 107.0 102.0 49.0 116.0 102.0 161.0 75.0 47.0 121.0 108.0 93.0 133.0 112.0 98.0 63.0 160.0 102.0 97.0 128.0 117.0 143.0 67.0 78.0 100.0 103.0 63.0 95.0 96.0 94.0 94.0 153.0 157.0 76.0 106.0 78.0 147.0 58.0 140.0 110.0 90.0
119.0 167.0 72.0 33.0 64.0 197.0 113.0 157.0 106.0 114.0 77.0 118.0 0.0 197.0 76.0 51.0 89.0 66.0 183.0 420.0 166.0 126.0 235.0 78.0 110.0 130.0 102.0 114.0 73.0 547.0 103.0 194.0 130.0 127.0 130.0 66.0 196.0 142.0 72.0 185.0 217.0 118.0 51.0 197.0 124.0 135.0 91.0 197.0 101.0 100.0 99.0 181.0 138.0 81.0 74.0 345.0 102.0 128.0 75.0 50.0 55.0 73.0 28.0 144.0 178.0 141.0 82.0 130.0 132.0 77.0 102.0 347.0 77.0 145.0 86.0 75.0 185.0 117.0 89.0 142.0 173.0 58.0 95.0 235.0 110.0 68.0 213.0 102.0 118.0 109.0 45.0 103.0 116.0 146.0 154.0 167.0 94.0 26.0 60.0 74.0 82.0 177.0 110.0 140.0 163.0 92.0 143.0 133.0 172.0 96.0 115.0 81.0 108.0 223.0 198.0 263.0 171.0 86.0 199.0 132.0 145.0 134.0 110.0 172.0 93.0 137.0 99.0 126.0 77.0 156.0 103.0 158.0 119.0 49.0 118.0 149.0 98.0 378.0 101.0 101.0 202.0 51.0 222.0 86.0 68.0 158.0 17.0 69.0 119.0 84.0 57.0 78.0 111.0 49.0 93.0 73.0 83.0 46.0 138.0 74.0 54.0 152.0 108.0 84.0 126.0 176.0 94.0 134.0 126.0 109.0 173.0 85.0 206.0 119.0 76.0 151.0 73.0 173.0 49.0 183.0 68.0 101.0 183.0 130.0 102.0 127.0 65.0 50.0 199.0 50.0 193.0 191.0 37.0 147.0 147.0 134.0 377.0 120.0 167.0 69.0 42.0 218.0 151.0 185.0 128.0 146.0 134.0 134.0 98.0 164.0 161.0 102.0 104.0 39.0 88.0 90.0 60.0 82.0 127.0 221.0 58.0 59.0 76.0 108.0 61.0 106.0 56.0 69.0 82.0 115.0 176.0 161.0 82.0 76.0 163.0 109.0 117.0 92.0 74.0 109.0 32.0 84.0 86.0 49.0
146.0 154.0 164.0 176.0 192.0 207.0 109.0 184.0 51.0 115.0 166.0 70.0 197.0 0.0 164.0 138.0 150.0 69.0 121.0 442.0 144.0 175.0 223.0 151.0 92.0 130.0 97.0 132.0 152.0 761.0 180.0 198.0 138.0 91.0 89.0 151.0 216.0 213.0 110.0 229.0 181.0 151.0 137.0 127.0 164.0 78.0 152.0 0.0 188.0 127.0 126.0 134.0 27.0 115.0 200.0 195.0 148.0 84.0 58.0 138.0 76.0 183.0 122.0 204.0 205.0 55.0 91.0 119.0 177.0 97.0 97.0 164.0 147.0 93.0 126.0 58.0 229.0 212.0 50.0 213.0 62.0 143.0 96.0 223.0 92.0 116.0 158.0 78.0 161.0 121.0 135.0 187.0 153.0 144.0 129.0 172.0 121.0 148.0 192.0 143.0 169.0 124.0 83.0 142.0 68.0 56.0 113.0 136.0 195.0 36.0 192.0 97.0 216.0 129.0 207.0 243.0 57.0 190.0 141.0 85.0 93.0 110.0 99.0 231.0 127.0 136.0 126.0 175.0 156.0 72.0 170.0 139.0 153.0 128.0 151.0 203.0 119.0 265.0 180.0 129.0 83.0 131.0 228.0 113.0 138.0 146.0 219.0 203.0 260.0 192.0 135.0 83.0 308.0 219.0 137.0 141.0 188.0 122.0 141.0 146.0 150.0 106.0 119.0 80.0 21.0 184.0 152.0 123.0 164.0 101.0 64.0 138.0 100.0 49.0 122.0 120.0 146.0 106.0 219.0 121.0 138.0 188.0 121.0 138.0 78.0 131.0 87.0 207.0 141.0 138.0 192.0 223.0 180.0 101.0 125.0 112.0 268.0 108.0 55.0 68.0 134.0 155.0 67.0 178.0 115.0 107.0 138.0 90.0 125.0 215.0 43.0 89.0 145.0 105.0 175.0 156.0 132.0 121.0 32.0 109.0 116.0 123.0 122.0 170.0 133.0 51.0 90.0 164.0 91.0 25.0 124.0 128.0 169.0 85.0 203.0 173.0 18.0 100.0 111.0 111.0 145.0 139.0 141.0 132.0
74.0 67.0 157.0 151.0 55.0 175.0 116.0 131.0 99.0 99.0 91.0 151.0 76.0 164.0 0.0 124.0 103.0 115.0 158.0 111.0 186.0 196.0 128.0 120.0 73.0 174.0 183.0 153.0 77.0 467.0 104.0 96.0 87.0 133.0 209.0 111.0 122.0 49.0 66.0 182.0 181.0 206.0 113.0 147.0 127.0 201.0 102.0 164.0 96.0 182.0 146.0 98.0 135.0 71.0 99.0 93.0 159.0 177.0 88.0 67.0 64.0 160.0 79.0 82.0 109.0 135.0 208.0 81.0 120.0 107.0 183.0 109.0 70.0 112.0 99.0 88.0 182.0 195.0 190.0 49.0 127.0 130.0 153.0 128.0 73.0 103.0 113.0 143.0 113.0 182.0 121.0 76.0 125.0 83.0 170.0 113.0 190.0 57.0 105.0 89.0 41.0 207.0 122.0 157.0 131.0 141.0 47.0 69.0 98.0 144.0 112.0 182.0 120.0 218.0 96.0 184.0 175.0 121.0 174.0 148.0 112.0 125.0 134.0 124.0 115.0 144.0 146.0 196.0 51.0 126.0 170.0 190.0 120.0 158.0 206.0 208.0 126.0 221.0 116.0 171.0 137.0 50.0 217.0 126.0 108.0 175.0 104.0 95.0 93.0 177.0 152.0 66.0 137.0 27.0 105.0 68.0 44.0 99.0 48.0 131.0 130.0 114.0 60.0 119.0 143.0 205.0 158.0 269.0 201.0 161.0 216.0 86.0 116.0 144.0 242.0 119.0 113.0 175.0 27.0 158.0 108.0 96.0 158.0 87.0 143.0 123.0 194.0 71.0 174.0 67.0 101.0 197.0 153.0 186.0 99.0 216.0 142.0 69.0 245.0 65.0 107.0 129.0 181.0 126.0 176.0 172.0 129.0 65.0 117.0 98.0 181.0 133.0 134.0 114.0 256.0 46.0 82.0 133.0 125.0 64.0 78.0 30.0 242.0 52.0 165.0 99.0 161.0 127.0 208.0 128.0 119.0 118.0 41.0 145.0 88.0 143.0 85.0 98.0 109.0 177.0 107.0 177.0 144.0 91.0
60.0 121.0 67.0 59.0 117.0 84.0 40.0 103.0 47.0 51.0 76.0 110.0 51.0 138.0 124.0 0.0 53.0 15.0 131.0 136.0 125.0 113.0 172.0 117.0 79.0 67.0 67.0 128.0 65.0 675.0 68.0 80.0 130.0 103.0 85.0 51.0 87.0 90.0 24.0 246.0 79.0 102.0 54.0 87.0 70.0 57.0 64.0 138.0 155.0 108.0 202.0 71.0 151.0 37.0 73.0 116.0 188.0 149.0 87.0 48.0 92.0 86.0 39.0 61.0 98.0 58.0 98.0 196.0 113.0 116.0 67.0 132.0 32.0 76.0 55.0 87.0 246.0 130.0 158.0 90.0 144.0 81.0 133.0 172.0 79.0 27.0 193.0 77.0 44.0 130.0 108.0 90.0 104.0 109.0 115.0 94.0 106.0 35.0 147.0 72.0 32.0 129.0 133.0 109.0 195.0 66.0 111.0 109.0 141.0 79.0 132.0 68.0 113.0 131.0 143.0 124.0 152.0 84.0 152.0 102.0 76.0 55.0 91.0 249.0 107.0 92.0 202.0 113.0 39.0 92.0 106.0 93.0 71.0 57.0 102.0 161.0 95.0 94.0 55.0 59.0 98.0 35.0 205.0 108.0 114.0 101.0 37.0 19.0 66.0 126.0 69.0 70.0 101.0 92.0 201.0 38.0 51.0 72.0 71.0 79.0 15.0 105.0 188.0 248.0 139.0 223.0 112.0 82.0 54.0 78.0 129.0 62.0 207.0 117.0 94.0 39.0 122.0 156.0 92.0 131.0 114.0 155.0 131.0 130.0 77.0 75.0 91.0 173.0 152.0 48.0 117.0 234.0 53.0 71.0 158.0 68.0 75.0 125.0 112.0 49.0 36.0 143.0 108.0 126.0 62.0 65.0 143.0 91.0 109.0 67.0 249.0 70.0 158.0 169.0 121.0 96.0 78.0 21.0 83.0 167.0 26.0 26.0 94.0 67.0 13.0 47.0 94.0 43.0 98.0 106.0 141.0 129.0 32.0 130.0 89.0 66.0 184.0 50.0 81.0 63.0 70.0 127.0 64.0 113.0
85.0 40.0 146.0 102.0 99.0 144.0 110.0 69.0 86.0 74.0 92.0 129.0 89.0 150.0 103.0 53.0 0.0 63.0 137.0 283.0 227.0 91.0 234.0 125.0 81.0 94.0 42.0 176.0 45.0 657.0 215.0 152.0 88.0 109.0 89.0 67.0 199.0 184.0 38.0 259.0 221.0 16.0 116.0 150.0 111.0 123.0 33.0 150.0 92.0 145.0 170.0 203.0 200.0 47.0 76.0 169.0 45.0 147.0 116.0 70.0 88.0 131.0 35.0 104.0 162.0 133.0 145.0 85.0 109.0 135.0 42.0 74.0 4.0 100.0 39.0 116.0 259.0 94.0 155.0 184.0 141.0 79.0 209.0 234.0 81.0 66.0 107.0 54.0 50.0 124.0 69.0 78.0 145.0 91.0 216.0 109.0 131.0 77.0 133.0 101.0 103.0 160.0 100.0 57.0 151.0 124.0 93.0 90.0 147.0 143.0 142.0 108.0 111.0 81.0 138.0 208.0 134.0 131.0 130.0 136.0 100.0 69.0 174.0 154.0 49.0 140.0 170.0 91.0 18.0 62.0 168.0 115.0 124.0 110.0 16.0 143.0 95.0 366.0 35.0 105.0 80.0 38.0 237.0 80.0 44.0 111.0 130.0 98.0 155.0 195.0 101.0 57.0 101.0 114.0 154.0 66.0 34.0 33.0 92.0 117.0 199.0 94.0 278.0 91.0 100.0 247.0 207.0 110.0 174.0 173.0 182.0 142.0 190.0 121.0 133.0 87.0 132.0 97.0 114.0 137.0 44.0 92.0 137.0 88.0 54.0 52.0 172.0 40.0 130.0 70.0 167.0 138.0 105.0 171.0 119.0 131.0 458.0 82.0 156.0 46.0 85.0 51.0 157.0 275.0 46.0 115.0 170.0 131.0 115.0 127.0 235.0 105.0 36.0 172.0 55.0 64.0 52.0 44.0 135.0 185.0 59.0 92.0 133.0 31.0 70.0 86.0 96.0 37.0 145.0 130.0 73.0 118.0 103.0 138.0 148.0 75.0 113.0 99.0 100.0 43.0 182.0 136.0 85.0 119.0
76.0 158.0 56.0 62.0 132.0 125.0 113.0 126.0 7.0 38.0 86.0 106.0 66.0 69.0 115.0 15.0 63.0 0.0 139.0 150.0 309.0 116.0 202.0 142.0 37.0 127.0 177.0 124.0 61.0 748.0 110.0 132.0 123.0 56.0 115.0 163.0 142.0 89.0 34.0 134.0 27.0 87.0 53.0 149.0 52.0 80.0 113.0 69.0 88.0 111.0 125.0 188.0 99.0 43.0 48.0 170.0 227.0 69.0 64.0 44.0 77.0 128.0 50.0 38.0 128.0 47.0 89.0 67.0 203.0 59.0 177.0 96.0 63.0 156.0 49.0 64.0 134.0 132.0 80.0 89.0 56.0 180.0 99.0 202.0 37.0 113.0 189.0 63.0 79.0 99.0 40.0 21.0 62.0 63.0 83.0 31.0 125.0 53.0 122.0 58.0 12.0 77.0 55.0 119.0 137.0 69.0 142.0 34.0 132.0 193.0 112.0 96.0 77.0 253.0 199.0 173.0 65.0 75.0 78.0 40.0 156.0 99.0 106.0 307.0 26.0 63.0 125.0 116.0 82.0 89.0 125.0 198.0 60.0 60.0 87.0 82.0 57.0 152.0 80.0 85.0 87.0 38.0 270.0 46.0 58.0 143.0 96.0 33.0 146.0 224.0 66.0 37.0 68.0 101.0 110.0 56.0 82.0 37.0 96.0 52.0 34.0 59.0 174.0 241.0 122.0 225.0 106.0 203.0 148.0 123.0 40.0 21.0 87.0 69.0 84.0 60.0 103.0 94.0 101.0 139.0 58.0 88.0 139.0 123.0 63.0 108.0 68.0 108.0 78.0 44.0 141.0 214.0 66.0 28.0 152.0 102.0 143.0 70.0 54.0 87.0 67.0 158.0 71.0 251.0 87.0 162.0 98.0 95.0 83.0 133.0 64.0 59.0 31.0 152.0 142.0 84.0 74.0 32.0 62.0 136.0 28.0 36.0 84.0 83.0 49.0 7.0 95.0 98.0 89.0 248.0 51.0 47.0 12.0 126.0 132.0 29.0 52.0 110.0 71.0 30.0 80.0 103.0 202.0 95.0
33.0 39.0 82.0 117.0 159.0 182.0 166.0 211.0 111.0 152.0 92.0 108.0 183.0 121.0 158.0 131.0 137.0 139.0 0.0 256.0 238.0 176.0 282.0 105.0 112.0 127.0 118.0 135.0 121.0 717.0 248.0 187.0 138.0 65.0 94.0 179.0 214.0 130.0 139.0 266.0 207.0 85.0 22.0 109.0 97.0 33.0 136.0 121.0 121.0 79.0 185.0 171.0 96.0 114.0 45.0 159.0 123.0 78.0 88.0 121.0 48.0 42.0 127.0 136.0 180.0 50.0 88.0 120.0 71.0 92.0 118.0 185.0 93.0 59.0 42.0 88.0 266.0 152.0 120.0 130.0 63.0 166.0 70.0 282.0 112.0 95.0 84.0 81.0 185.0 89.0 104.0 141.0 57.0 98.0 108.0 81.0 53.0 131.0 152.0 157.0 109.0 151.0 140.0 123.0 94.0 52.0 131.0 135.0 188.0 50.0 78.0 153.0 128.0 149.0 163.0 219.0 108.0 176.0 36.0 23.0 59.0 167.0 25.0 196.0 82.0 92.0 185.0 176.0 105.0 44.0 70.0 123.0 95.0 34.0 85.0 113.0 97.0 205.0 87.0 73.0 90.0 154.0 193.0 115.0 156.0 177.0 115.0 176.0 140.0 151.0 114.0 97.0 104.0 146.0 184.0 80.0 129.0 143.0 50.0 91.0 68.0 93.0 175.0 153.0 83.0 146.0 114.0 123.0 220.0 44.0 60.0 140.0 205.0 74.0 163.0 95.0 87.0 100.0 146.0 0.0 156.0 121.0 0.0 138.0 81.0 126.0 23.0 203.0 36.0 121.0 165.0 233.0 95.0 97.0 43.0 108.0 229.0 144.0 57.0 73.0 89.0 156.0 142.0 272.0 92.0 82.0 152.0 74.0 148.0 180.0 94.0 71.0 113.0 148.0 118.0 127.0 142.0 153.0 38.0 79.0 84.0 103.0 163.0 115.0 155.0 111.0 120.0 126.0 88.0 75.0 196.0 68.0 109.0 91.0 160.0 158.0 37.0 69.0 146.0 116.0 101.0 84.0 159.0 154.0
281.0 207.0 454.0 511.0 380.0 14.0 236.0 234.0 368.0 142.0 133.0 176.0 420.0 442.0 111.0 136.0 283.0 150.0 256.0 0.0 97.0 205.0 145.0 142.0 158.0 82.0 104.0 576.0 107.0 71.0 420.0 53.0 175.0 257.0 191.0 496.0 59.0 196.0 136.0 212.0 245.0 123.0 186.0 194.0 344.0 567.0 296.0 442.0 143.0 227.0 302.0 426.0 444.0 360.0 162.0 19.0 88.0 435.0 263.0 341.0 225.0 424.0 241.0 305.0 44.0 276.0 314.0 180.0 245.0 297.0 104.0 59.0 208.0 168.0 239.0 263.0 212.0 125.0 183.0 196.0 172.0 121.0 473.0 145.0 158.0 116.0 155.0 192.0 360.0 493.0 142.0 55.0 298.0 223.0 302.0 258.0 191.0 102.0 317.0 311.0 280.0 93.0 237.0 79.0 343.0 168.0 166.0 104.0 78.0 543.0 167.0 497.0 350.0 118.0 33.0 12.0 447.0 438.0 364.0 244.0 168.0 126.0 261.0 19.0 109.0 232.0 302.0 205.0 93.0 205.0 466.0 229.0 385.0 481.0 123.0 112.0 196.0 22.0 44.0 149.0 280.0 294.0 64.0 368.0 541.0 69.0 339.0 154.0 160.0 371.0 207.0 163.0 179.0 152.0 232.0 206.0 93.0 127.0 102.0 450.0 500.0 144.0 237.0 224.0 332.0 543.0 219.0 170.0 371.0 355.0 203.0 167.0 550.0 370.0 440.0 274.0 262.0 361.0 152.0 256.0 541.0 143.0 256.0 175.0 192.0 226.0 386.0 153.0 364.0 341.0 39.0 188.0 351.0 424.0 71.0 283.0 49.0 258.0 253.0 398.0 102.0 102.0 161.0 79.0 277.0 198.0 285.0 370.0 257.0 14.0 348.0 208.0 144.0 155.0 387.0 93.0 196.0 382.0 298.0 119.0 107.0 246.0 440.0 93.0 138.0 368.0 387.0 117.0 314.0 554.0 69.0 165.0 280.0 183.0 259.0 134.0 275.0 134.0 535.0 81.0 303.0 215.0 159.0 122.0
199.0 195.0 324.0 419.0 97.0 24.0 192.0 82.0 220.0 205.0 182.0 132.0 166.0 144.0 186.0 125.0 227.0 309.0 238.0 97.0 0.0 234.0 146.0 209.0 181.0 105.0 193.0 272.0 88.0 379.0 116.0 43.0 165.0 259.0 143.0 164.0 83.0 105.0 231.0 100.0 125.0 154.0 172.0 111.0 257.0 248.0 232.0 144.0 190.0 211.0 116.0 100.0 202.0 215.0 106.0 17.0 171.0 165.0 158.0 242.0 271.0 277.0 240.0 336.0 46.0 296.0 88.0 130.0 134.0 230.0 193.0 69.0 223.0 123.0 123.0 158.0 100.0 260.0 236.0 105.0 152.0 250.0 300.0 146.0 181.0 321.0 197.0 239.0 214.0 297.0 235.0 147.0 200.0 101.0 295.0 205.0 208.0 188.0 313.0 229.0 159.0 90.0 120.0 106.0 170.0 219.0 151.0 78.0 172.0 213.0 252.0 343.0 244.0 101.0 39.0 17.0 219.0 278.0 175.0 165.0 123.0 88.0 160.0 124.0 243.0 258.0 116.0 234.0 226.0 164.0 255.0 221.0 174.0 211.0 154.0 135.0 296.0 71.0 180.0 105.0 68.0 301.0 27.0 208.0 286.0 202.0 261.0 186.0 149.0 380.0 124.0 157.0 228.0 196.0 172.0 92.0 75.0 104.0 63.0 278.0 304.0 183.0 191.0 177.0 128.0 311.0 211.0 202.0 263.0 226.0 152.0 148.0 324.0 271.0 379.0 217.0 300.0 196.0 196.0 238.0 286.0 190.0 238.0 165.0 239.0 228.0 221.0 50.0 175.0 242.0 57.0 192.0 283.0 227.0 111.0 273.0 117.0 89.0 168.0 197.0 188.0 195.0 163.0 34.0 204.0 184.0 126.0 86.0 211.0 71.0 286.0 204.0 287.0 178.0 49.0 199.0 277.0 228.0 181.0 127.0 157.0 148.0 379.0 44.0 159.0 220.0 365.0 291.0 88.0 338.0 155.0 143.0 159.0 186.0 23.0 184.0 82.0 128.0 299.0 235.0 280.0 138.0 225.0 124.0
122.0 161.0 217.0 125.0 161.0 136.0 161.0 83.0 138.0 130.0 114.0 200.0 126.0 175.0 196.0 113.0 91.0 116.0 176.0 205.0 234.0 0.0 141.0 130.0 204.0 51.0 54.0 180.0 160.0 593.0 192.0 112.0 208.0 126.0 54.0 100.0 126.0 150.0 106.0 217.0 318.0 59.0 87.0 97.0 126.0 174.0 46.0 175.0 194.0 221.0 195.0 157.0 175.0 259.0 97.0 223.0 54.0 149.0 209.0 102.0 214.0 105.0 88.0 243.0 99.0 210.0 138.0 163.0 109.0 159.0 54.0 153.0 82.0 122.0 233.0 209.0 217.0 54.0 159.0 150.0 99.0 78.0 217.0 141.0 204.0 68.0 106.0 72.0 254.0 232.0 187.0 121.0 159.0 55.0 133.0 150.0 95.0 204.0 131.0 197.0 182.0 128.0 179.0 125.0 150.0 109.0 120.0 154.0 122.0 203.0 121.0 111.0 170.0 110.0 146.0 150.0 174.0 201.0 119.0 185.0 122.0 177.0 151.0 84.0 65.0 191.0 195.0 0.0 100.0 146.0 143.0 110.0 178.0 122.0 59.0 162.0 149.0 230.0 51.0 171.0 106.0 56.0 224.0 81.0 242.0 58.0 219.0 284.0 139.0 162.0 105.0 107.0 116.0 183.0 258.0 71.0 131.0 80.0 77.0 207.0 376.0 214.0 104.0 222.0 108.0 227.0 141.0 72.0 210.0 161.0 109.0 133.0 278.0 171.0 274.0 140.0 135.0 92.0 183.0 176.0 242.0 194.0 176.0 208.0 72.0 261.0 215.0 53.0 119.0 102.0 168.0 118.0 126.0 163.0 113.0 159.0 125.0 145.0 199.0 169.0 103.0 72.0 179.0 233.0 74.0 120.0 127.0 151.0 122.0 128.0 270.0 174.0 119.0 232.0 203.0 154.0 67.0 123.0 189.0 79.0 137.0 218.0 274.0 209.0 155.0 138.0 151.0 145.0 138.0 174.0 154.0 165.0 182.0 139.0 108.0 87.0 163.0 94.0 146.0 88.0 185.0 161.0 99.0 112.0
235.0 152.0 279.0 232.0 81.0 95.0 130.0 161.0 252.0 130.0 112.0 270.0 235.0 223.0 128.0 172.0 234.0 202.0 282.0 145.0 146.0 141.0 0.0 148.0 251.0 95.0 133.0 269.0 101.0 381.0 140.0 135.0 116.0 290.0 222.0 146.0 101.0 92.0 194.0 183.0 368.0 171.0 138.0 93.0 200.0 289.0 134.0 223.0 142.0 301.0 173.0 95.0 241.0 253.0 98.0 131.0 49.0 203.0 147.0 105.0 208.0 216.0 108.0 205.0 22.0 311.0 213.0 138.0 138.0 206.0 133.0 32.0 207.0 227.0 151.0 147.0 183.0 90.0 192.0 92.0 185.0 129.0 266.0 0.0 251.0 134.0 164.0 213.0 254.0 304.0 158.0 102.0 206.0 82.0 236.0 154.0 179.0 149.0 164.0 216.0 242.0 81.0 120.0 101.0 163.0 223.0 161.0 105.0 121.0 290.0 169.0 277.0 178.0 151.0 44.0 62.0 218.0 223.0 199.0 247.0 227.0 157.0 203.0 45.0 112.0 256.0 173.0 141.0 171.0 113.0 212.0 226.0 194.0 185.0 171.0 123.0 181.0 120.0 50.0 265.0 53.0 127.0 126.0 152.0 259.0 76.0 260.0 168.0 116.0 228.0 245.0 60.0 145.0 120.0 196.0 112.0 70.0 90.0 76.0 259.0 279.0 130.0 110.0 130.0 106.0 281.0 218.0 188.0 432.0 214.0 196.0 135.0 318.0 203.0 349.0 257.0 200.0 95.0 120.0 282.0 259.0 142.0 282.0 116.0 213.0 357.0 357.0 58.0 199.0 105.0 133.0 140.0 254.0 421.0 78.0 294.0 141.0 88.0 325.0 241.0 102.0 126.0 157.0 182.0 195.0 203.0 155.0 173.0 149.0 79.0 323.0 213.0 255.0 200.0 238.0 135.0 153.0 116.0 277.0 66.0 106.0 141.0 349.0 210.0 258.0 252.0 328.0 202.0 213.0 230.0 51.0 182.0 242.0 155.0 52.0 152.0 177.0 139.0 269.0 198.0 320.0 204.0 183.0 122.0
75.0 129.0 119.0 126.0 75.0 165.0 157.0 102.0 77.0 55.0 135.0 118.0 78.0 151.0 120.0 117.0 125.0 142.0 105.0 142.0 209.0 130.0 148.0 0.0 113.0 166.0 112.0 147.0 125.0 732.0 98.0 127.0 109.0 166.0 192.0 40.0 183.0 108.0 76.0 86.0 133.0 114.0 50.0 163.0 132.0 160.0 79.0 151.0 90.0 99.0 102.0 142.0 154.0 60.0 98.0 138.0 138.0 151.0 103.0 77.0 131.0 93.0 38.0 69.0 119.0 153.0 121.0 114.0 80.0 59.0 112.0 126.0 120.0 164.0 166.0 103.0 86.0 117.0 163.0 108.0 176.0 33.0 127.0 148.0 113.0 65.0 190.0 124.0 110.0 73.0 54.0 92.0 93.0 85.0 161.0 58.0 83.0 39.0 39.0 29.0 79.0 135.0 83.0 135.0 153.0 119.0 46.0 84.0 134.0 147.0 94.0 150.0 188.0 112.0 143.0 207.0 258.0 180.0 53.0 40.0 164.0 185.0 129.0 169.0 76.0 190.0 102.0 130.0 112.0 128.0 111.0 201.0 80.0 115.0 114.0 156.0 42.0 163.0 115.0 191.0 115.0 92.0 236.0 26.0 105.0 172.0 98.0 105.0 175.0 185.0 56.0 83.0 60.0 44.0 86.0 106.0 100.0 70.0 104.0 106.0 82.0 45.0 80.0 92.0 155.0 109.0 70.0 165.0 145.0 117.0 117.0 65.0 130.0 154.0 83.0 86.0 65.0 148.0 44.0 105.0 105.0 90.0 105.0 109.0 124.0 148.0 112.0 123.0 53.0 77.0 121.0 146.0 94.0 144.0 148.0 94.0 160.0 114.0 208.0 144.0 79.0 142.0 191.0 191.0 127.0 154.0 82.0 294.0 85.0 147.0 114.0 147.0 75.0 38.0 141.0 101.0 100.0 66.0 108.0 184.0 73.0 83.0 83.0 93.0 109.0 77.0 126.0 97.0 121.0 106.0 73.0 74.0 79.0 81.0 128.0 58.0 43.0 64.0 80.0 87.0 45.0 68.0 103.0 71.0
33.0 16.0 66.0 77.0 116.0 183.0 102.0 196.0 115.0 63.0 62.0 65.0 110.0 92.0 73.0 79.0 81.0 37.0 112.0 158.0 181.0 204.0 251.0 113.0 0.0 122.0 111.0 96.0 64.0 614.0 169.0 150.0 84.0 72.0 120.0 110.0 168.0 109.0 86.0 183.0 69.0 135.0 79.0 136.0 34.0 64.0 117.0 92.0 21.0 87.0 101.0 195.0 141.0 61.0 57.0 123.0 138.0 157.0 96.0 39.0 87.0 119.0 90.0 13.0 153.0 61.0 87.0 143.0 90.0 104.0 111.0 122.0 97.0 73.0 16.0 96.0 183.0 169.0 155.0 109.0 110.0 139.0 138.0 251.0 0.0 92.0 111.0 56.0 62.0 64.0 52.0 78.0 92.0 59.0 121.0 31.0 179.0 50.0 118.0 70.0 6.0 133.0 128.0 163.0 139.0 95.0 63.0 85.0 144.0 91.0 92.0 88.0 85.0 190.0 129.0 180.0 110.0 86.0 87.0 78.0 73.0 104.0 74.0 176.0 55.0 91.0 101.0 204.0 66.0 46.0 100.0 146.0 79.0 64.0 135.0 146.0 73.0 145.0 76.0 105.0 163.0 94.0 297.0 53.0 25.0 130.0 38.0 101.0 129.0 112.0 106.0 81.0 63.0 82.0 167.0 50.0 67.0 103.0 63.0 20.0 33.0 64.0 179.0 42.0 138.0 169.0 145.0 144.0 112.0 74.0 104.0 98.0 130.0 84.0 57.0 11.0 229.0 98.0 82.0 112.0 25.0 21.0 112.0 84.0 56.0 65.0 111.0 157.0 87.0 39.0 156.0 266.0 67.0 100.0 134.0 100.0 214.0 93.0 131.0 31.0 63.0 133.0 67.0 194.0 110.0 66.0 138.0 61.0 69.0 113.0 112.0 83.0 52.0 47.0 41.0 81.0 108.0 68.0 64.0 91.0 105.0 71.0 57.0 74.0 83.0 115.0 68.0 95.0 87.0 90.0 105.0 72.0 6.0 85.0 124.0 80.0 39.0 43.0 43.0 89.0 89.0 118.0 42.0 90.0
252.0 212.0 330.0 263.0 139.0 109.0 172.0 118.0 211.0 218.0 150.0 182.0 130.0 130.0 174.0 67.0 94.0 127.0 127.0 82.0 105.0 51.0 95.0 166.0 122.0 0.0 55.0 231.0 150.0 510.0 173.0 80.0 244.0 262.0 23.0 132.0 102.0 138.0 166.0 216.0 321.0 28.0 126.0 17.0 170.0 142.0 103.0 130.0 222.0 290.0 227.0 149.0 142.0 204.0 80.0 95.0 112.0 145.0 182.0 173.0 204.0 321.0 115.0 303.0 89.0 246.0 149.0 146.0 193.0 215.0 55.0 105.0 88.0 41.0 204.0 182.0 216.0 131.0 140.0 138.0 110.0 75.0 229.0 95.0 122.0 161.0 123.0 127.0 233.0 390.0 193.0 132.0 214.0 83.0 203.0 158.0 147.0 156.0 171.0 217.0 193.0 109.0 145.0 62.0 88.0 124.0 214.0 203.0 135.0 222.0 224.0 229.0 128.0 104.0 153.0 125.0 143.0 282.0 156.0 141.0 41.0 200.0 218.0 175.0 169.0 230.0 227.0 51.0 134.0 58.0 162.0 51.0 172.0 215.0 28.0 85.0 175.0 155.0 109.0 323.0 85.0 179.0 113.0 174.0 341.0 12.0 249.0 189.0 92.0 110.0 172.0 38.0 161.0 171.0 279.0 174.0 117.0 135.0 233.0 212.0 320.0 161.0 130.0 183.0 107.0 293.0 227.0 22.0 467.0 172.0 87.0 134.0 289.0 151.0 250.0 173.0 189.0 96.0 171.0 127.0 341.0 222.0 127.0 244.0 127.0 227.0 275.0 91.0 156.0 173.0 115.0 167.0 279.0 151.0 60.0 168.0 81.0 185.0 169.0 132.0 184.0 153.0 122.0 127.0 61.0 49.0 124.0 167.0 210.0 84.0 268.0 169.0 202.0 227.0 351.0 143.0 241.0 196.0 199.0 81.0 210.0 205.0 250.0 146.0 96.0 211.0 300.0 101.0 149.0 179.0 123.0 149.0 193.0 186.0 76.0 132.0 162.0 149.0 355.0 89.0 280.0 235.0 92.0 126.0
94.0 108.0 137.0 118.0 158.0 131.0 82.0 77.0 99.0 112.0 104.0 128.0 102.0 97.0 183.0 67.0 42.0 177.0 118.0 104.0 193.0 54.0 133.0 112.0 111.0 55.0 0.0 178.0 169.0 689.0 179.0 83.0 112.0 120.0 52.0 91.0 145.0 154.0 65.0 199.0 188.0 25.0 90.0 48.0 106.0 145.0 52.0 97.0 96.0 113.0 163.0 254.0 151.0 84.0 58.0 159.0 51.0 129.0 126.0 73.0 146.0 132.0 54.0 183.0 102.0 173.0 156.0 201.0 88.0 151.0 0.0 103.0 32.0 86.0 50.0 126.0 199.0 64.0 126.0 154.0 81.0 91.0 210.0 133.0 111.0 86.0 108.0 35.0 91.0 89.0 92.0 115.0 129.0 78.0 151.0 121.0 99.0 85.0 120.0 87.0 90.0 72.0 172.0 25.0 127.0 118.0 141.0 108.0 102.0 192.0 119.0 134.0 124.0 78.0 105.0 189.0 153.0 119.0 125.0 138.0 86.0 209.0 145.0 138.0 65.0 132.0 163.0 54.0 40.0 68.0 128.0 61.0 139.0 135.0 25.0 108.0 137.0 135.0 26.0 173.0 82.0 61.0 197.0 72.0 74.0 59.0 128.0 129.0 213.0 153.0 103.0 90.0 106.0 116.0 127.0 64.0 23.0 72.0 43.0 140.0 206.0 126.0 131.0 89.0 68.0 223.0 207.0 67.0 161.0 154.0 113.0 102.0 287.0 154.0 236.0 95.0 152.0 85.0 116.0 118.0 74.0 96.0 118.0 112.0 35.0 238.0 190.0 159.0 125.0 73.0 97.0 146.0 83.0 171.0 67.0 129.0 125.0 64.0 178.0 110.0 90.0 55.0 170.0 238.0 39.0 83.0 148.0 121.0 118.0 124.0 188.0 168.0 196.0 167.0 78.0 163.0 42.0 190.0 94.0 86.0 68.0 96.0 236.0 59.0 86.0 99.0 121.0 64.0 156.0 96.0 49.0 110.0 90.0 99.0 110.0 64.0 118.0 80.0 102.0 53.0 222.0 152.0 62.0 118.0
73.0 192.0 94.0 113.0 185.0 328.0 182.0 195.0 176.0 134.0 147.0 82.0 114.0 132.0 153.0 128.0 176.0 124.0 135.0 576.0 272.0 180.0 269.0 147.0 96.0 231.0 178.0 0.0 184.0 782.0 182.0 238.0 124.0 107.0 231.0 165.0 237.0 161.0 132.0 252.0 119.0 180.0 91.0 312.0 115.0 84.0 188.0 132.0 92.0 136.0 47.0 249.0 156.0 119.0 98.0 368.0 162.0 117.0 149.0 78.0 42.0 145.0 78.0 132.0 253.0 161.0 136.0 195.0 108.0 101.0 178.0 161.0 179.0 227.0 54.0 149.0 252.0 221.0 183.0 161.0 180.0 156.0 59.0 269.0 96.0 144.0 255.0 223.0 173.0 46.0 156.0 169.0 142.0 202.0 141.0 93.0 150.0 72.0 129.0 37.0 98.0 254.0 157.0 218.0 123.0 135.0 70.0 203.0 228.0 99.0 70.0 85.0 192.0 169.0 300.0 386.0 171.0 116.0 122.0 75.0 227.0 244.0 81.0 244.0 134.0 206.0 47.0 180.0 157.0 194.0 161.0 239.0 173.0 125.0 180.0 238.0 129.0 588.0 155.0 265.0 224.0 137.0 314.0 63.0 138.0 267.0 84.0 146.0 243.0 233.0 72.0 171.0 54.0 57.0 157.0 137.0 186.0 117.0 239.0 90.0 178.0 94.0 186.0 68.0 139.0 112.0 100.0 245.0 195.0 86.0 188.0 180.0 170.0 123.0 148.0 113.0 53.0 237.0 57.0 135.0 138.0 92.0 135.0 124.0 223.0 202.0 167.0 168.0 122.0 78.0 260.0 261.0 72.0 136.0 161.0 162.0 540.0 121.0 175.0 125.0 154.0 260.0 142.0 272.0 121.0 203.0 190.0 80.0 80.0 228.0 177.0 131.0 126.0 71.0 202.0 165.0 89.0 209.0 117.0 194.0 120.0 125.0 148.0 212.0 180.0 176.0 67.0 151.0 136.0 129.0 137.0 123.0 98.0 83.0 214.0 180.0 84.0 138.0 80.0 172.0 80.0 155.0 116.0 155.0
66.0 26.0 89.0 141.0 65.0 138.0 120.0 37.0 84.0 57.0 83.0 117.0 73.0 152.0 77.0 65.0 45.0 61.0 121.0 107.0 88.0 160.0 101.0 125.0 64.0 150.0 169.0 184.0 0.0 449.0 120.0 93.0 63.0 98.0 105.0 75.0 99.0 57.0 79.0 217.0 83.0 43.0 95.0 152.0 72.0 193.0 27.0 152.0 69.0 100.0 133.0 30.0 174.0 58.0 64.0 76.0 84.0 152.0 108.0 77.0 89.0 146.0 69.0 34.0 94.0 95.0 180.0 52.0 134.0 95.0 169.0 107.0 23.0 63.0 74.0 108.0 217.0 187.0 142.0 57.0 116.0 118.0 169.0 101.0 64.0 73.0 57.0 55.0 51.0 113.0 50.0 42.0 138.0 43.0 151.0 51.0 168.0 73.0 169.0 102.0 18.0 148.0 84.0 194.0 101.0 122.0 92.0 46.0 90.0 138.0 135.0 94.0 105.0 194.0 106.0 125.0 145.0 117.0 118.0 114.0 63.0 60.0 158.0 86.0 58.0 153.0 133.0 160.0 57.0 78.0 147.0 177.0 154.0 132.0 43.0 69.0 172.0 119.0 50.0 172.0 50.0 35.0 96.0 95.0 61.0 133.0 120.0 77.0 72.0 174.0 114.0 41.0 99.0 87.0 137.0 109.0 16.0 47.0 23.0 123.0 111.0 81.0 187.0 74.0 126.0 237.0 167.0 257.0 216.0 211.0 167.0 148.0 195.0 115.0 134.0 98.0 152.0 86.0 87.0 121.0 61.0 69.0 121.0 63.0 55.0 81.0 170.0 154.0 118.0 77.0 94.0 221.0 141.0 158.0 151.0 258.0 96.0 59.0 151.0 67.0 78.0 52.0 158.0 150.0 71.0 128.0 131.0 112.0 110.0 122.0 148.0 105.0 41.0 88.0 151.0 19.0 53.0 43.0 106.0 52.0 55.0 69.0 134.0 11.0 215.0 84.0 104.0 74.0 180.0 99.0 48.0 94.0 18.0 121.0 84.0 65.0 106.0 72.0 100.0 174.0 132.0 146.0 134.0 88.0
