0.0 231.0 207.0 186.0 298.0 441.0 239.0 219.0 132.0 183.0 202.0 141.0 273.0 212.0 220.0 140.0 198.0 206.0 176.0 527.0 322.0 303.0 266.0 188.0 164.0 356.0 226.0 269.0 220.0 727.0 200.0 239.0 168.0 228.0 358.0 243.0 403.0 192.0 250.0 264.0 120.0 205.0 213.0 375.0 131.0 76.0 279.0 212.0 227.0 154.0 218.0 233.0 278.0 191.0 134.0 309.0 343.0 185.0 177.0 173.0 169.0 172.0 234.0 179.0 202.0 322.0 245.0 284.0 133.0 185.0 226.0 318.0 253.0 274.0 182.0 177.0 264.0 319.0 193.0 192.0 247.0 241.0 195.0 266.0 164.0 106.0 269.0 280.0 177.0 150.0 159.0 240.0 254.0 234.0 191.0 277.0 341.0 123.0 183.0 169.0 241.0 360.0 423.0 305.0 305.0 177.0 192.0 180.0 278.0 168.0 144.0 242.0 119.0 282.0 317.0 314.0 215.0 95.0 158.0 138.0 274.0 139.0 97.0 368.0 164.0 214.0 218.0 303.0 341.0 158.0 182.0 309.0 315.0 191.0 205.0 285.0 168.0 420.0 207.0 243.0 263.0 99.0 563.0 257.0 171.0 335.0 150.0 186.0 438.0 242.0 220.0 293.0 265.0 209.0 279.0 163.0 171.0 287.0 329.0 190.0 251.0 228.0 347.0 268.0 281.0 266.0 211.0 308.0 302.0 238.0 270.0 226.0 353.0 223.0 177.0 180.0 209.0 179.0 209.0 176.0 171.0 227.0 176.0 168.0 280.0 329.0 184.0 343.0 158.0 173.0 229.0 476.0 145.0 158.0 340.0 178.0 375.0 176.0 232.0 160.0 118.0 263.0 127.0 423.0 173.0 328.0 244.0 296.0 140.0 353.0 200.0 153.0 153.0 227.0 203.0 241.0 191.0 224.0 208.0 311.0 114.0 183.0 177.0 134.0 163.0 132.0 230.0 196.0 245.0 231.0 134.0 315.0 241.0 129.0 277.0 303.0 275.0 159.0 109.0 341.0 122.0 167.0 221.0 240.0
231.0 0.0 219.0 311.0 178.0 375.0 291.0 196.0 223.0 199.0 143.0 270.0 221.0 223.0 230.0 232.0 186.0 103.0 230.0 314.0 245.0 362.0 356.0 210.0 71.0 290.0 157.0 269.0 233.0 736.0 255.0 260.0 197.0 277.0 358.0 267.0 344.0 232.0 259.0 315.0 158.0 172.0 174.0 209.0 170.0 225.0 262.0 223.0 162.0 238.0 276.0 362.0 296.0 164.0 268.0 203.0 151.0 260.0 232.0 217.0 239.0 227.0 150.0 224.0 232.0 169.0 219.0 214.0 205.0 275.0 157.0 232.0 200.0 180.0 197.0 232.0 315.0 297.0 317.0 232.0 291.0 248.0 276.0 356.0 71.0 75.0 269.0 261.0 209.0 149.0 192.0 287.0 194.0 138.0 246.0 172.0 228.0 127.0 238.0 212.0 158.0 238.0 163.0 240.0 266.0 177.0 160.0 195.0 216.0 231.0 126.0 380.0 199.0 296.0 152.0 327.0 273.0 379.0 219.0 160.0 180.0 191.0 262.0 334.0 241.0 282.0 276.0 362.0 203.0 127.0 279.0 257.0 118.0 180.0 172.0 219.0 254.0 300.0 262.0 371.0 408.0 246.0 464.0 163.0 276.0 220.0 337.0 274.0 264.0 231.0 310.0 188.0 258.0 206.0 309.0 331.0 105.0 180.0 103.0 212.0 170.0 274.0 155.0 219.0 254.0 236.0 292.0 297.0 282.0 137.0 176.0 146.0 277.0 193.0 209.0 110.0 361.0 146.0 206.0 230.0 276.0 162.0 230.0 197.0 261.0 186.0 300.0 220.0 219.0 217.0 198.0 314.0 130.0 209.0 368.0 384.0 251.0 196.0 174.0 170.0 221.0 243.0 225.0 391.0 206.0 173.0 213.0 204.0 217.0 244.0 128.0 140.0 156.0 198.0 175.0 181.0 173.0 194.0 202.0 136.0 195.0 273.0 209.0 128.0 213.0 223.0 260.0 175.0 219.0 251.0 399.0 135.0 158.0 222.0 179.0 199.0 151.0 100.0 258.0 167.0 269.0 245.0 169.0 350.0
207.0 219.0 0.0 222.0 187.0 462.0 345.0 298.0 220.0 358.0 324.0 184.0 252.0 202.0 312.0 189.0 248.0 151.0 136.0 620.0 305.0 376.0 374.0 195.0 127.0 332.0 261.0 320.0 190.0 871.0 193.0 190.0 217.0 136.0 370.0 334.0 532.0 231.0 196.0 343.0 228.0 163.0 129.0 407.0 271.0 224.0 367.0 202.0 180.0 145.0 160.0 331.0 339.0 232.0 184.0 590.0 430.0 288.0 141.0 362.0 159.0 108.0 166.0 150.0 304.0 161.0 105.0 328.0 105.0 179.0 261.0 321.0 155.0 347.0 107.0 141.0 343.0 405.0 293.0 231.0 383.0 205.0 186.0 374.0 127.0 249.0 357.0 320.0 85.0 137.0 112.0 251.0 121.0 317.0 208.0 289.0 243.0 98.0 193.0 85.0 68.0 387.0 319.0 294.0 364.0 216.0 170.0 278.0 336.0 203.0 206.0 236.0 276.0 409.0 324.0 416.0 293.0 310.0 310.0 192.0 347.0 266.0 283.0 455.0 249.0 196.0 160.0 376.0 279.0 248.0 201.0 254.0 151.0 144.0 163.0 346.0 287.0 572.0 190.0 259.0 275.0 226.0 621.0 124.0 183.0 387.0 226.0 210.0 556.0 299.0 119.0 316.0 257.0 136.0 184.0 288.0 148.0 290.0 234.0 263.0 189.0 280.0 347.0 318.0 211.0 282.0 171.0 414.0 346.0 149.0 360.0 180.0 422.0 229.0 204.0 187.0 122.0 271.0 136.0 136.0 183.0 180.0 136.0 217.0 320.0 201.0 198.0 380.0 310.0 362.0 298.0 496.0 118.0 157.0 512.0 361.0 481.0 217.0 317.0 96.0 180.0 336.0 194.0 466.0 323.0 389.0 193.0 400.0 153.0 390.0 271.0 303.0 163.0 255.0 325.0 217.0 260.0 159.0 225.0 273.0 294.0 165.0 204.0 322.0 263.0 220.0 172.0 290.0 105.0 171.0 264.0 231.0 68.0 228.0 262.0 294.0 155.0 226.0 242.0 437.0 265.0 241.0 233.0 301.0
186.0 311.0 222.0 0.0 280.0 634.0 273.0 277.0 181.0 328.0 271.0 166.0 244.0 383.0 294.0 298.0 225.0 116.0 286.0 664.0 506.0 473.0 518.0 331.0 296.0 386.0 237.0 473.0 346.0 899.0 316.0 388.0 311.0 215.0 352.0 383.0 651.0 330.0 275.0 366.0 309.0 355.0 179.0 439.0 182.0 191.0 459.0 383.0 253.0 278.0 309.0 357.0 327.0 173.0 327.0 590.0 382.0 192.0 174.0 234.0 225.0 208.0 254.0 246.0 304.0 246.0 296.0 374.0 261.0 181.0 237.0 510.0 255.0 387.0 279.0 174.0 366.0 508.0 265.0 330.0 411.0 320.0 273.0 518.0 296.0 161.0 386.0 340.0 265.0 282.0 251.0 357.0 173.0 483.0 274.0 450.0 295.0 272.0 227.0 139.0 287.0 555.0 525.0 404.0 372.0 218.0 271.0 185.0 333.0 194.0 322.0 174.0 396.0 299.0 456.0 566.0 251.0 237.0 286.0 290.0 387.0 342.0 216.0 593.0 237.0 328.0 309.0 473.0 380.0 375.0 293.0 382.0 157.0 222.0 355.0 438.0 224.0 610.0 184.0 420.0 325.0 204.0 674.0 292.0 280.0 375.0 204.0 261.0 558.0 243.0 249.0 321.0 376.0 256.0 277.0 224.0 348.0 320.0 453.0 216.0 250.0 440.0 420.0 340.0 322.0 289.0 271.0 411.0 395.0 303.0 349.0 286.0 419.0 167.0 274.0 166.0 191.0 320.0 256.0 286.0 280.0 253.0 286.0 311.0 340.0 376.0 304.0 289.0 286.0 234.0 403.0 577.0 282.0 228.0 556.0 341.0 510.0 227.0 309.0 241.0 159.0 439.0 260.0 562.0 256.0 466.0 315.0 517.0 315.0 383.0 263.0 256.0 207.0 253.0 185.0 368.0 284.0 283.0 218.0 380.0 226.0 263.0 274.0 263.0 276.0 181.0 242.0 179.0 296.0 321.0 262.0 298.0 287.0 236.0 372.0 292.0 222.0 349.0 234.0 337.0 236.0 134.0 323.0 416.0
298.0 178.0 187.0 280.0 0.0 359.0 318.0 228.0 278.0 341.0 251.0 271.0 156.0 260.0 223.0 323.0 153.0 277.0 246.0 431.0 311.0 422.0 310.0 183.0 211.0 211.0 235.0 335.0 298.0 724.0 178.0 252.0 182.0 240.0 578.0 223.0 365.0 124.0 125.0 213.0 221.0 252.0 234.0 268.0 232.0 309.0 328.0 260.0 273.0 160.0 212.0 140.0 329.0 234.0 178.0 424.0 368.0 275.0 149.0 281.0 186.0 224.0 152.0 110.0 207.0 222.0 325.0 278.0 146.0 171.0 235.0 278.0 134.0 305.0 158.0 149.0 213.0 359.0 224.0 124.0 331.0 257.0 247.0 310.0 211.0 258.0 443.0 262.0 154.0 209.0 148.0 218.0 250.0 367.0 192.0 351.0 162.0 121.0 179.0 170.0 98.0 233.0 320.0 171.0 196.0 271.0 172.0 449.0 192.0 221.0 157.0 263.0 267.0 273.0 233.0 365.0 217.0 265.0 294.0 253.0 305.0 161.0 423.0 330.0 216.0 325.0 212.0 422.0 244.0 189.0 242.0 231.0 262.0 195.0 252.0 237.0 184.0 512.0 201.0 218.0 301.0 162.0 329.0 305.0 125.0 249.0 126.0 225.0 358.0 224.0 174.0 233.0 307.0 117.0 226.0 329.0 181.0 302.0 332.0 377.0 140.0 307.0 119.0 141.0 238.0 304.0 151.0 330.0 224.0 219.0 289.0 237.0 347.0 239.0 193.0 281.0 168.0 207.0 117.0 246.0 125.0 273.0 246.0 182.0 262.0 202.0 215.0 254.0 294.0 281.0 160.0 382.0 144.0 177.0 391.0 319.0 450.0 189.0 344.0 164.0 221.0 319.0 161.0 232.0 292.0 431.0 201.0 353.0 392.0 347.0 228.0 367.0 231.0 258.0 327.0 283.0 376.0 242.0 204.0 325.0 140.0 166.0 193.0 364.0 460.0 278.0 219.0 204.0 325.0 159.0 196.0 238.0 98.0 236.0 171.0 313.0 242.0 279.0 280.0 227.0 172.0 288.0 155.0 312.0
441.0 375.0 462.0 634.0 359.0 0.0 389.0 398.0 458.0 456.0 407.0 501.0 358.0 394.0 340.0 462.0 425.0 442.0 372.0 32.0 318.0 412.0 243.0 550.0 326.0 292.0 334.0 320.0 319.0 26.0 416.0 226.0 336.0 434.0 583.0 553.0 129.0 279.0 327.0 390.0 575.0 421.0 390.0 379.0 322.0 652.0 382.0 394.0 360.0 407.0 443.0 186.0 423.0 464.0 302.0 165.0 233.0 513.0 311.0 621.0 652.0 483.0 480.0 433.0 356.0 400.0 393.0 433.0 449.0 491.0 334.0 170.0 359.0 300.0 381.0 311.0 390.0 436.0 462.0 279.0 402.0 398.0 528.0 243.0 326.0 317.0 466.0 632.0 591.0 442.0 334.0 362.0 431.0 316.0 474.0 374.0 499.0 297.0 549.0 427.0 407.0 263.0 270.0 293.0 368.0 486.0 397.0 381.0 378.0 507.0 399.0 680.0 438.0 334.0 118.0 125.0 458.0 685.0 647.0 432.0 300.0 349.0 555.0 190.0 448.0 479.0 443.0 412.0 272.0 319.0 461.0 397.0 522.0 401.0 421.0 392.0 523.0 50.0 303.0 204.0 350.0 456.0 84.0 349.0 546.0 352.0 524.0 498.0 401.0 487.0 436.0 299.0 364.0 394.0 385.0 563.0 292.0 227.0 308.0 620.0 476.0 525.0 377.0 449.0 489.0 584.0 474.0 361.0 462.0 440.0 426.0 382.0 711.0 517.0 513.0 459.0 492.0 656.0 394.0 372.0 546.0 360.0 372.0 336.0 632.0 379.0 522.0 294.0 647.0 621.0 420.0 218.0 383.0 412.0 262.0 741.0 137.0 319.0 372.0 612.0 343.0 353.0 301.0 269.0 487.0 267.0 342.0 333.0 378.0 74.0 449.0 735.0 447.0 288.0 506.0 318.0 387.0 520.0 360.0 268.0 312.0 440.0 513.0 339.0 237.0 458.0 532.0 313.0 393.0 409.0 664.0 547.0 407.0 465.0 329.0 391.0 428.0 366.0 511.0 239.0 458.0 488.0 358.0 338.0
239.0 291.0 345.0 273.0 318.0 389.0 0.0 250.0 262.0 304.0 300.0 236.0 276.0 251.0 216.0 117.0 223.0 225.0 336.0 358.0 377.0 322.0 377.0 297.0 337.0 297.0 277.0 307.0 226.0 556.0 198.0 263.0 329.0 334.0 386.0 167.0 424.0 236.0 97.0 266.0 293.0 233.0 233.0 250.0 372.0 405.0 135.0 251.0 371.0 437.0 293.0 323.0 353.0 211.0 321.0 246.0 247.0 273.0 294.0 301.0 326.0 291.0 170.0 282.0 200.0 351.0 243.0 245.0 192.0 192.0 277.0 363.0 206.0 249.0 237.0 294.0 266.0 307.0 250.0 236.0 300.0 257.0 344.0 377.0 337.0 256.0 285.0 204.0 310.0 272.0 284.0 226.0 171.0 333.0 271.0 337.0 300.0 233.0 262.0 262.0 280.0 195.0 346.0 242.0 258.0 247.0 259.0 288.0 272.0 355.0 250.0 241.0 225.0 271.0 307.0 296.0 232.0 330.0 290.0 244.0 249.0 179.0 240.0 250.0 161.0 261.0 293.0 322.0 324.0 245.0 286.0 287.0 250.0 163.0 233.0 261.0 323.0 348.0 279.0 203.0 301.0 292.0 397.0 283.0 276.0 268.0 336.0 279.0 303.0 294.0 232.0 202.0 339.0 365.0 176.0 352.0 309.0 230.0 269.0 259.0 240.0 274.0 314.0 190.0 278.0 215.0 315.0 345.0 274.0 252.0 357.0 178.0 322.0 307.0 271.0 278.0 258.0 325.0 365.0 336.0 276.0 371.0 336.0 329.0 204.0 329.0 332.0 268.0 290.0 301.0 221.0 349.0 258.0 297.0 337.0 315.0 373.0 235.0 285.0 361.0 206.0 222.0 157.0 380.0 231.0 212.0 241.0 215.0 420.0 322.0 243.0 440.0 236.0 336.0 324.0 396.0 250.0 159.0 232.0 347.0 333.0 313.0 271.0 301.0 199.0 262.0 317.0 185.0 243.0 344.0 235.0 352.0 280.0 248.0 273.0 191.0 316.0 242.0 346.0 219.0 194.0 172.0 320.0 321.0
219.0 196.0 298.0 277.0 228.0 398.0 250.0 0.0 310.0 247.0 125.0 333.0 206.0 231.0 175.0 176.0 247.0 203.0 261.0 367.0 149.0 210.0 271.0 207.0 230.0 206.0 140.0 243.0 153.0 459.0 334.0 268.0 207.0 213.0 208.0 270.0 469.0 323.0 153.0 327.0 407.0 130.0 180.0 209.0 235.0 297.0 170.0 231.0 194.0 341.0 246.0 322.0 311.0 120.0 223.0 295.0 130.0 216.0 232.0 138.0 221.0 263.0 184.0 287.0 271.0 281.0 251.0 251.0 227.0 208.0 140.0 196.0 179.0 261.0 232.0 232.0 327.0 170.0 288.0 323.0 286.0 213.0 329.0 271.0 230.0 239.0 387.0 161.0 283.0 316.0 125.0 263.0 169.0 290.0 238.0 220.0 229.0 206.0 227.0 212.0 261.0 149.0 224.0 172.0 336.0 228.0 190.0 139.0 250.0 323.0 225.0 223.0 291.0 161.0 268.0 291.0 263.0 428.0 293.0 255.0 261.0 209.0 298.0 283.0 156.0 320.0 246.0 210.0 252.0 236.0 250.0 225.0 207.0 226.0 130.0 273.0 213.0 356.0 174.0 273.0 208.0 260.0 347.0 152.0 215.0 166.0 324.0 301.0 225.0 338.0 261.0 221.0 278.0 271.0 247.0 259.0 160.0 181.0 179.0 263.0 310.0 213.0 306.0 181.0 235.0 252.0 232.0 147.0 277.0 199.0 236.0 185.0 289.0 198.0 348.0 163.0 272.0 189.0 271.0 261.0 215.0 194.0 261.0 207.0 161.0 253.0 283.0 154.0 293.0 138.0 293.0 234.0 195.0 317.0 307.0 241.0 390.0 171.0 299.0 194.0 152.0 158.0 248.0 363.0 162.0 181.0 264.0 240.0 234.0 314.0 281.0 360.0 187.0 239.0 176.0 160.0 154.0 146.0 265.0 261.0 236.0 233.0 348.0 254.0 251.0 310.0 319.0 191.0 251.0 218.0 332.0 154.0 261.0 225.0 255.0 153.0 197.0 237.0 315.0 225.0 270.0 235.0 235.0 271.0
132.0 223.0 220.0 181.0 278.0 458.0 262.0 310.0 0.0 192.0 212.0 233.0 269.0 230.0 214.0 154.0 204.0 107.0 220.0 529.0 303.0 361.0 414.0 177.0 187.0 308.0 222.0 284.0 229.0 759.0 252.0 250.0 332.0 173.0 287.0 292.0 378.0 286.0 294.0 267.0 164.0 329.0 122.0 333.0 194.0 101.0 406.0 230.0 238.0 173.0 194.0 352.0 203.0 143.0 211.0 369.0 437.0 266.0 251.0 214.0 151.0 197.0 226.0 138.0 230.0 201.0 239.0 239.0 239.0 138.0 222.0 353.0 167.0 250.0 150.0 251.0 267.0 333.0 125.0 286.0 293.0 193.0 170.0 414.0 187.0 134.0 313.0 205.0 228.0 230.0 114.0 281.0 214.0 272.0 188.0 233.0 260.0 179.0 216.0 202.0 206.0 402.0 300.0 300.0 278.0 138.0 216.0 145.0 278.0 113.0 254.0 258.0 196.0 405.0 365.0 363.0 208.0 129.0 293.0 153.0 250.0 231.0 159.0 462.0 271.0 238.0 194.0 361.0 318.0 207.0 253.0 197.0 130.0 218.0 329.0 204.0 344.0 398.0 208.0 310.0 243.0 159.0 529.0 239.0 126.0 328.0 169.0 180.0 424.0 142.0 264.0 185.0 300.0 250.0 226.0 210.0 197.0 238.0 269.0 236.0 207.0 182.0 296.0 356.0 168.0 353.0 307.0 279.0 260.0 254.0 221.0 295.0 291.0 141.0 257.0 169.0 224.0 183.0 250.0 220.0 126.0 238.0 220.0 332.0 205.0 302.0 196.0 349.0 293.0 214.0 293.0 514.0 207.0 91.0 370.0 321.0 324.0 157.0 150.0 181.0 147.0 285.0 105.0 410.0 216.0 280.0 204.0 345.0 267.0 341.0 145.0 229.0 237.0 223.0 192.0 274.0 287.0 234.0 192.0 241.0 131.0 170.0 257.0 199.0 266.0 0.0 159.0 225.0 239.0 155.0 96.0 196.0 206.0 301.0 353.0 373.0 196.0 181.0 256.0 429.0 260.0 221.0 206.0 368.0
183.0 199.0 358.0 328.0 341.0 456.0 304.0 247.0 192.0 0.0 171.0 237.0 301.0 294.0 306.0 256.0 276.0 143.0 388.0 394.0 462.0 349.0 349.0 323.0 225.0 404.0 225.0 273.0 298.0 680.0 299.0 231.0 325.0 238.0 368.0 392.0 335.0 428.0 302.0 356.0 134.0 286.0 300.0 278.0 138.0 333.0 292.0 294.0 229.0 297.0 227.0 357.0 281.0 255.0 250.0 269.0 298.0 279.0 393.0 305.0 252.0 381.0 309.0 230.0 278.0 234.0 223.0 246.0 252.0 261.0 225.0 216.0 341.0 275.0 203.0 393.0 356.0 236.0 220.0 428.0 290.0 350.0 296.0 349.0 225.0 153.0 225.0 261.0 313.0 304.0 166.0 351.0 331.0 214.0 275.0 151.0 350.0 188.0 366.0 204.0 284.0 284.0 238.0 302.0 261.0 279.0 226.0 328.0 322.0 294.0 211.0 316.0 267.0 410.0 355.0 323.0 304.0 256.0 364.0 251.0 275.0 264.0 235.0 290.0 295.0 384.0 227.0 349.0 328.0 254.0 268.0 408.0 203.0 234.0 286.0 280.0 262.0 351.0 304.0 315.0 248.0 262.0 450.0 181.0 250.0 306.0 141.0 311.0 298.0 296.0 346.0 216.0 223.0 376.0 311.0 257.0 205.0 183.0 203.0 287.0 264.0 260.0 267.0 254.0 405.0 289.0 417.0 304.0 318.0 207.0 257.0 273.0 350.0 279.0 300.0 230.0 391.0 328.0 376.0 388.0 250.0 229.0 388.0 325.0 261.0 320.0 407.0 299.0 364.0 305.0 331.0 271.0 220.0 291.0 237.0 320.0 421.0 189.0 163.0 361.0 191.0 233.0 246.0 444.0 169.0 257.0 330.0 288.0 206.0 305.0 247.0 275.0 103.0 250.0 282.0 320.0 144.0 216.0 318.0 292.0 216.0 262.0 300.0 170.0 266.0 192.0 347.0 275.0 223.0 440.0 423.0 144.0 284.0 339.0 329.0 235.0 243.0 172.0 266.0 371.0 231.0 252.0 217.0 312.0
202.0 143.0 324.0 271.0 251.0 407.0 300.0 125.0 212.0 171.0 0.0 249.0 204.0 307.0 240.0 194.0 194.0 223.0 309.0 350.0 341.0 218.0 255.0 230.0 157.0 267.0 161.0 306.0 216.0 616.0 258.0 195.0 164.0 224.0 343.0 369.0 397.0 317.0 180.0 342.0 211.0 166.0 158.0 240.0 129.0 163.0 298.0 307.0 136.0 237.0 223.0 331.0 296.0 189.0 196.0 289.0 279.0 280.0 248.0 338.0 168.0 235.0 221.0 127.0 227.0 194.0 214.0 225.0 265.0 199.0 161.0 229.0 199.0 258.0 162.0 248.0 342.0 211.0 235.0 317.0 216.0 161.0 239.0 255.0 157.0 190.0 247.0 166.0 202.0 323.0 107.0 244.0 190.0 191.0 189.0 194.0 298.0 162.0 252.0 234.0 199.0 228.0 270.0 233.0 273.0 258.0 210.0 165.0 292.0 251.0 208.0 225.0 275.0 261.0 231.0 268.0 246.0 275.0 332.0 202.0 258.0 255.0 283.0 247.0 174.0 346.0 223.0 218.0 208.0 139.0 344.0 299.0 185.0 161.0 166.0 318.0 257.0 365.0 184.0 286.0 325.0 184.0 435.0 225.0 170.0 172.0 160.0 148.0 395.0 303.0 303.0 205.0 210.0 241.0 246.0 207.0 125.0 234.0 150.0 277.0 171.0 281.0 271.0 219.0 266.0 304.0 294.0 223.0 234.0 224.0 235.0 236.0 364.0 237.0 235.0 236.0 334.0 231.0 241.0 309.0 170.0 136.0 309.0 164.0 166.0 251.0 318.0 182.0 332.0 338.0 238.0 371.0 159.0 232.0 315.0 253.0 270.0 196.0 177.0 181.0 170.0 278.0 178.0 351.0 106.0 273.0 268.0 280.0 170.0 285.0 213.0 248.0 147.0 209.0 314.0 219.0 262.0 163.0 244.0 206.0 123.0 236.0 235.0 216.0 197.0 212.0 260.0 228.0 214.0 213.0 353.0 99.0 199.0 268.0 245.0 196.0 205.0 124.0 280.0 207.0 173.0 256.0 135.0 267.0
141.0 270.0 184.0 166.0 271.0 501.0 236.0 333.0 233.0 237.0 249.0 0.0 226.0 269.0 183.0 196.0 255.0 180.0 228.0 456.0 177.0 343.0 371.0 237.0 155.0 249.0 228.0 209.0 253.0 753.0 186.0 238.0 207.0 95.0 291.0 259.0 451.0 213.0 189.0 275.0 168.0 238.0 122.0 205.0 217.0 190.0 298.0 269.0 135.0 210.0 150.0 164.0 212.0 344.0 193.0 376.0 328.0 154.0 183.0 261.0 166.0 221.0 208.0 203.0 213.0 139.0 244.0 240.0 118.0 143.0 228.0 413.0 255.0 190.0 161.0 183.0 275.0 361.0 185.0 213.0 309.0 248.0 199.0 371.0 155.0 232.0 333.0 290.0 220.0 104.0 199.0 247.0 215.0 370.0 145.0 366.0 358.0 215.0 212.0 130.0 384.0 341.0 352.0 356.0 161.0 129.0 147.0 260.0 314.0 80.0 191.0 284.0 93.0 327.0 302.0 235.0 243.0 234.0 190.0 237.0 190.0 208.0 155.0 456.0 209.0 216.0 150.0 343.0 284.0 224.0 244.0 276.0 248.0 161.0 238.0 248.0 156.0 417.0 288.0 330.0 248.0 190.0 492.0 246.0 186.0 206.0 170.0 207.0 350.0 201.0 137.0 285.0 337.0 210.0 155.0 269.0 159.0 288.0 233.0 180.0 193.0 157.0 250.0 348.0 274.0 165.0 163.0 198.0 323.0 226.0 214.0 243.0 208.0 137.0 183.0 237.0 160.0 218.0 210.0 228.0 186.0 135.0 228.0 207.0 290.0 280.0 140.0 284.0 190.0 261.0 257.0 513.0 204.0 132.0 327.0 201.0 336.0 269.0 179.0 192.0 235.0 321.0 88.0 291.0 204.0 318.0 122.0 357.0 261.0 373.0 176.0 145.0 234.0 170.0 160.0 271.0 214.0 256.0 153.0 280.0 301.0 247.0 183.0 161.0 291.0 233.0 207.0 212.0 244.0 247.0 218.0 249.0 384.0 193.0 247.0 288.0 99.0 153.0 198.0 303.0 215.0 170.0 222.0 308.0
273.0 221.0 252.0 244.0 156.0 358.0 276.0 206.0 269.0 301.0 204.0 226.0 0.0 266.0 186.0 181.0 141.0 229.0 251.0 449.0 346.0 260.0 254.0 253.0 234.0 227.0 229.0 258.0 240.0 547.0 274.0 275.0 251.0 270.0 207.0 322.0 386.0 275.0 133.0 280.0 274.0 154.0 274.0 241.0 202.0 314.0 235.0 266.0 244.0 178.0 263.0 259.0 340.0 158.0 190.0 380.0 182.0 344.0 221.0 311.0 247.0 286.0 237.0 191.0 316.0 302.0 156.0 246.0 233.0 260.0 229.0 358.0 151.0 203.0 177.0 221.0 280.0 301.0 259.0 275.0 407.0 185.0 309.0 254.0 234.0 148.0 457.0 186.0 181.0 239.0 184.0 276.0 269.0 117.0 278.0 300.0 100.0 138.0 270.0 229.0 132.0 253.0 397.0 259.0 294.0 289.0 260.0 212.0 295.0 391.0 275.0 301.0 279.0 328.0 203.0 387.0 264.0 423.0 445.0 283.0 203.0 271.0 337.0 358.0 238.0 338.0 263.0 260.0 189.0 254.0 247.0 238.0 294.0 237.0 154.0 353.0 246.0 418.0 210.0 217.0 361.0 238.0 472.0 140.0 199.0 247.0 187.0 179.0 223.0 233.0 179.0 214.0 243.0 161.0 232.0 323.0 173.0 92.0 218.0 249.0 126.0 378.0 185.0 153.0 256.0 254.0 256.0 249.0 185.0 234.0 272.0 157.0 165.0 298.0 220.0 195.0 175.0 361.0 161.0 251.0 199.0 244.0 251.0 251.0 186.0 138.0 297.0 123.0 445.0 311.0 282.0 306.0 184.0 237.0 345.0 336.0 392.0 254.0 347.0 307.0 166.0 329.0 243.0 285.0 231.0 287.0 274.0 244.0 227.0 217.0 407.0 366.0 188.0 151.0 298.0 192.0 284.0 206.0 254.0 260.0 222.0 269.0 220.0 226.0 133.0 269.0 227.0 140.0 156.0 242.0 432.0 215.0 132.0 200.0 213.0 207.0 264.0 288.0 297.0 146.0 103.0 264.0 166.0 289.0
212.0 223.0 202.0 383.0 260.0 394.0 251.0 231.0 230.0 294.0 307.0 269.0 266.0 0.0 272.0 327.0 236.0 188.0 177.0 456.0 235.0 251.0 410.0 267.0 283.0 261.0 202.0 205.0 239.0 761.0 257.0 279.0 230.0 222.0 253.0 231.0 423.0 223.0 246.0 294.0 273.0 205.0 247.0 180.0 263.0 244.0 295.0 0.0 211.0 281.0 175.0 266.0 158.0 238.0 201.0 466.0 282.0 284.0 208.0 368.0 274.0 219.0 280.0 277.0 278.0 162.0 151.0 322.0 231.0 265.0 202.0 271.0 247.0 164.0 198.0 208.0 294.0 278.0 218.0 223.0 213.0 175.0 299.0 410.0 283.0 236.0 317.0 176.0 293.0 167.0 238.0 250.0 250.0 244.0 201.0 280.0 295.0 240.0 248.0 170.0 203.0 196.0 209.0 252.0 202.0 249.0 287.0 178.0 324.0 220.0 193.0 225.0 257.0 277.0 300.0 323.0 158.0 391.0 311.0 193.0 164.0 237.0 203.0 358.0 265.0 192.0 175.0 251.0 258.0 133.0 238.0 265.0 228.0 184.0 205.0 196.0 281.0 341.0 245.0 184.0 154.0 387.0 333.0 228.0 271.0 213.0 256.0 269.0 235.0 235.0 279.0 181.0 300.0 337.0 177.0 386.0 187.0 261.0 152.0 361.0 190.0 212.0 218.0 161.0 178.0 227.0 156.0 279.0 209.0 192.0 193.0 269.0 285.0 253.0 227.0 216.0 189.0 183.0 337.0 177.0 271.0 211.0 177.0 230.0 176.0 238.0 178.0 374.0 311.0 368.0 321.0 261.0 237.0 154.0 247.0 231.0 394.0 261.0 253.0 241.0 227.0 196.0 169.0 333.0 230.0 197.0 186.0 231.0 193.0 424.0 197.0 208.0 235.0 150.0 280.0 248.0 213.0 171.0 183.0 294.0 159.0 249.0 227.0 277.0 163.0 230.0 325.0 195.0 151.0 96.0 228.0 224.0 203.0 203.0 330.0 297.0 151.0 249.0 361.0 234.0 275.0 267.0 261.0 302.0
220.0 230.0 312.0 294.0 223.0 340.0 216.0 175.0 214.0 306.0 240.0 183.0 186.0 272.0 0.0 232.0 331.0 202.0 231.0 347.0 231.0 306.0 291.0 237.0 245.0 273.0 309.0 278.0 208.0 467.0 215.0 246.0 235.0 308.0 340.0 215.0 373.0 156.0 293.0 338.0 254.0 342.0 234.0 252.0 340.0 341.0 244.0 272.0 237.0 273.0 297.0 212.0 284.0 145.0 243.0 284.0 282.0 255.0 275.0 158.0 231.0 273.0 245.0 213.0 165.0 229.0 287.0 231.0 269.0 269.0 309.0 287.0 206.0 222.0 254.0 275.0 338.0 401.0 330.0 156.0 237.0 261.0 297.0 291.0 245.0 210.0 333.0 391.0 284.0 297.0 248.0 190.0 263.0 302.0 288.0 291.0 290.0 236.0 247.0 201.0 234.0 317.0 290.0 305.0 287.0 237.0 211.0 190.0 221.0 265.0 242.0 303.0 279.0 284.0 273.0 264.0 286.0 303.0 343.0 254.0 222.0 283.0 219.0 270.0 314.0 210.0 297.0 306.0 231.0 299.0 311.0 311.0 250.0 280.0 342.0 254.0 243.0 325.0 240.0 276.0 398.0 271.0 309.0 250.0 295.0 281.0 309.0 202.0 255.0 321.0 275.0 195.0 402.0 258.0 300.0 285.0 223.0 236.0 204.0 213.0 237.0 251.0 172.0 196.0 322.0 278.0 275.0 315.0 250.0 258.0 313.0 183.0 279.0 291.0 252.0 227.0 232.0 299.0 258.0 231.0 295.0 237.0 231.0 235.0 391.0 260.0 277.0 292.0 343.0 158.0 295.0 316.0 306.0 230.0 266.0 287.0 312.0 235.0 336.0 207.0 184.0 255.0 271.0 346.0 326.0 299.0 232.0 214.0 277.0 289.0 291.0 368.0 275.0 198.0 368.0 198.0 246.0 212.0 303.0 237.0 290.0 283.0 252.0 180.0 264.0 214.0 195.0 290.0 287.0 302.0 226.0 331.0 234.0 237.0 289.0 227.0 218.0 302.0 337.0 372.0 205.0 273.0 343.0 232.0
140.0 232.0 189.0 298.0 323.0 462.0 117.0 176.0 154.0 256.0 194.0 196.0 181.0 327.0 232.0 0.0 170.0 129.0 397.0 569.0 270.0 194.0 373.0 198.0 130.0 169.0 125.0 400.0 207.0 675.0 98.0 195.0 222.0 234.0 262.0 89.0 525.0 203.0 113.0 220.0 184.0 213.0 188.0 202.0 168.0 188.0 340.0 327.0 273.0 245.0 308.0 260.0 300.0 182.0 232.0 261.0 275.0 246.0 240.0 156.0 154.0 178.0 126.0 244.0 183.0 146.0 198.0 260.0 275.0 149.0 125.0 448.0 158.0 195.0 104.0 240.0 220.0 348.0 250.0 203.0 306.0 214.0 351.0 373.0 130.0 213.0 258.0 189.0 189.0 280.0 194.0 157.0 210.0 321.0 160.0 302.0 230.0 238.0 224.0 248.0 207.0 286.0 319.0 248.0 260.0 147.0 207.0 237.0 255.0 122.0 322.0 185.0 194.0 242.0 258.0 170.0 224.0 168.0 293.0 139.0 195.0 266.0 260.0 377.0 171.0 178.0 308.0 194.0 199.0 218.0 182.0 205.0 121.0 146.0 213.0 247.0 141.0 466.0 208.0 379.0 288.0 205.0 570.0 292.0 213.0 158.0 209.0 171.0 319.0 228.0 176.0 169.0 292.0 202.0 342.0 285.0 220.0 198.0 196.0 218.0 145.0 225.0 293.0 350.0 283.0 304.0 256.0 162.0 111.0 264.0 290.0 123.0 356.0 154.0 226.0 192.0 294.0 240.0 202.0 397.0 213.0 273.0 397.0 222.0 189.0 273.0 170.0 337.0 293.0 156.0 247.0 451.0 274.0 199.0 371.0 120.0 233.0 283.0 280.0 166.0 118.0 196.0 164.0 361.0 144.0 304.0 276.0 384.0 203.0 201.0 390.0 158.0 190.0 305.0 85.0 311.0 275.0 92.0 269.0 272.0 159.0 228.0 226.0 97.0 97.0 154.0 153.0 150.0 198.0 239.0 198.0 226.0 207.0 186.0 296.0 218.0 145.0 208.0 273.0 189.0 207.0 265.0 251.0 304.0
198.0 186.0 248.0 225.0 153.0 425.0 223.0 247.0 204.0 276.0 194.0 255.0 141.0 236.0 331.0 170.0 0.0 135.0 257.0 457.0 303.0 248.0 290.0 202.0 178.0 127.0 171.0 250.0 300.0 657.0 294.0 226.0 191.0 191.0 232.0 187.0 353.0 220.0 129.0 370.0 227.0 63.0 253.0 338.0 211.0 290.0 267.0 236.0 236.0 219.0 290.0 291.0 314.0 171.0 198.0 362.0 237.0 258.0 178.0 239.0 213.0 197.0 97.0 315.0 282.0 252.0 209.0 206.0 203.0 260.0 171.0 223.0 48.0 186.0 149.0 178.0 370.0 233.0 252.0 220.0 370.0 120.0 297.0 290.0 178.0 162.0 318.0 217.0 103.0 189.0 119.0 212.0 216.0 212.0 228.0 339.0 163.0 118.0 177.0 146.0 103.0 189.0 259.0 158.0 248.0 248.0 206.0 238.0 217.0 326.0 200.0 241.0 282.0 190.0 225.0 384.0 288.0 331.0 337.0 243.0 186.0 168.0 336.0 323.0 213.0 226.0 290.0 248.0 168.0 136.0 250.0 170.0 217.0 202.0 63.0 318.0 195.0 497.0 160.0 203.0 241.0 109.0 487.0 158.0 107.0 216.0 241.0 253.0 346.0 272.0 142.0 111.0 258.0 176.0 251.0 241.0 125.0 184.0 333.0 271.0 225.0 278.0 329.0 197.0 178.0 312.0 262.0 220.0 277.0 266.0 300.0 218.0 245.0 234.0 207.0 231.0 182.0 295.0 176.0 257.0 107.0 236.0 257.0 191.0 217.0 132.0 252.0 141.0 337.0 239.0 204.0 425.0 151.0 241.0 329.0 314.0 416.0 172.0 285.0 135.0 133.0 256.0 238.0 382.0 214.0 316.0 211.0 292.0 216.0 328.0 304.0 392.0 141.0 240.0 167.0 279.0 260.0 188.0 248.0 328.0 190.0 136.0 207.0 197.0 147.0 204.0 192.0 147.0 209.0 254.0 256.0 240.0 103.0 266.0 196.0 277.0 203.0 208.0 278.0 120.0 308.0 241.0 145.0 315.0
206.0 103.0 151.0 116.0 277.0 442.0 225.0 203.0 107.0 143.0 223.0 180.0 229.0 188.0 202.0 129.0 135.0 0.0 189.0 402.0 346.0 269.0 354.0 204.0 92.0 237.0 225.0 360.0 208.0 748.0 220.0 242.0 289.0 143.0 244.0 312.0 433.0 215.0 185.0 299.0 269.0 180.0 173.0 290.0 170.0 209.0 314.0 188.0 234.0 164.0 168.0 271.0 236.0 123.0 184.0 313.0 314.0 247.0 122.0 212.0 186.0 261.0 167.0 158.0 214.0 150.0 213.0 181.0 312.0 171.0 225.0 330.0 188.0 145.0 223.0 122.0 299.0 364.0 198.0 215.0 264.0 252.0 209.0 354.0 92.0 177.0 268.0 222.0 208.0 215.0 139.0 156.0 139.0 309.0 212.0 229.0 236.0 163.0 288.0 110.0 150.0 243.0 319.0 266.0 322.0 146.0 135.0 205.0 280.0 173.0 271.0 192.0 212.0 291.0 281.0 270.0 193.0 151.0 271.0 194.0 145.0 131.0 365.0 386.0 242.0 182.0 168.0 269.0 230.0 184.0 195.0 311.0 95.0 248.0 180.0 242.0 147.0 441.0 132.0 305.0 249.0 186.0 460.0 187.0 273.0 269.0 163.0 195.0 267.0 141.0 219.0 145.0 256.0 237.0 223.0 244.0 195.0 301.0 242.0 162.0 141.0 195.0 328.0 269.0 218.0 294.0 221.0 270.0 265.0 171.0 314.0 166.0 262.0 190.0 175.0 95.0 248.0 308.0 237.0 189.0 273.0 234.0 189.0 289.0 222.0 243.0 153.0 250.0 271.0 212.0 309.0 456.0 184.0 143.0 370.0 193.0 358.0 110.0 188.0 206.0 137.0 149.0 232.0 332.0 212.0 307.0 310.0 326.0 188.0 366.0 178.0 149.0 105.0 185.0 231.0 289.0 245.0 218.0 202.0 318.0 127.0 148.0 175.0 145.0 244.0 107.0 118.0 226.0 213.0 235.0 156.0 149.0 150.0 238.0 282.0 254.0 169.0 229.0 244.0 213.0 283.0 193.0 238.0 284.0
176.0 230.0 136.0 286.0 246.0 372.0 336.0 261.0 220.0 388.0 309.0 228.0 251.0 177.0 231.0 397.0 257.0 189.0 0.0 453.0 324.0 264.0 271.0 234.0 165.0 224.0 179.0 240.0 233.0 717.0 288.0 264.0 216.0 204.0 179.0 233.0 405.0 201.0 247.0 311.0 333.0 200.0 186.0 304.0 213.0 306.0 343.0 177.0 287.0 163.0 221.0 226.0 230.0 209.0 250.0 331.0 336.0 240.0 215.0 259.0 163.0 74.0 188.0 265.0 250.0 218.0 169.0 262.0 165.0 208.0 179.0 293.0 191.0 131.0 176.0 215.0 311.0 323.0 245.0 201.0 201.0 133.0 176.0 271.0 165.0 241.0 352.0 210.0 275.0 156.0 222.0 257.0 203.0 241.0 222.0 290.0 225.0 177.0 211.0 249.0 261.0 266.0 288.0 251.0 291.0 139.0 237.0 226.0 308.0 182.0 195.0 220.0 203.0 228.0 267.0 290.0 209.0 326.0 255.0 289.0 131.0 266.0 243.0 414.0 211.0 140.0 221.0 264.0 256.0 174.0 216.0 229.0 212.0 91.0 200.0 283.0 244.0 490.0 209.0 191.0 214.0 277.0 381.0 242.0 211.0 228.0 290.0 323.0 254.0 262.0 219.0 334.0 343.0 249.0 272.0 302.0 224.0 253.0 219.0 279.0 213.0 239.0 238.0 284.0 264.0 341.0 308.0 237.0 343.0 177.0 212.0 278.0 353.0 183.0 299.0 278.0 184.0 225.0 249.0 0.0 211.0 287.0 0.0 216.0 210.0 266.0 167.0 320.0 255.0 259.0 294.0 336.0 195.0 233.0 322.0 344.0 297.0 253.0 227.0 142.0 233.0 261.0 274.0 398.0 218.0 246.0 179.0 290.0 245.0 414.0 191.0 333.0 292.0 290.0 276.0 219.0 265.0 264.0 142.0 207.0 218.0 182.0 299.0 208.0 237.0 220.0 196.0 288.0 169.0 186.0 268.0 243.0 261.0 177.0 269.0 252.0 131.0 233.0 238.0 262.0 200.0 327.0 194.0 368.0
527.0 314.0 620.0 664.0 431.0 32.0 358.0 367.0 529.0 394.0 350.0 456.0 449.0 456.0 347.0 569.0 457.0 402.0 453.0 0.0 242.0 469.0 207.0 556.0 394.0 358.0 361.0 596.0 321.0 71.0 466.0 182.0 345.0 490.0 642.0 656.0 281.0 296.0 331.0 392.0 582.0 355.0 451.0 325.0 485.0 790.0 428.0 456.0 309.0 433.0 515.0 423.0 564.0 517.0 327.0 135.0 194.0 556.0 335.0 628.0 517.0 537.0 351.0 476.0 340.0 574.0 625.0 395.0 423.0 484.0 361.0 119.0 355.0 249.0 346.0 335.0 392.0 307.0 584.0 296.0 335.0 374.0 580.0 207.0 394.0 376.0 352.0 491.0 550.0 519.0 279.0 351.0 425.0 264.0 461.0 309.0 373.0 289.0 565.0 397.0 439.0 265.0 254.0 263.0 487.0 441.0 432.0 373.0 285.0 773.0 284.0 780.0 432.0 342.0 63.0 85.0 580.0 773.0 704.0 485.0 249.0 296.0 632.0 77.0 414.0 565.0 515.0 469.0 262.0 487.0 522.0 471.0 573.0 546.0 355.0 520.0 509.0 43.0 242.0 201.0 415.0 496.0 71.0 315.0 686.0 296.0 518.0 486.0 318.0 518.0 461.0 379.0 553.0 453.0 361.0 510.0 255.0 212.0 274.0 705.0 530.0 458.0 392.0 324.0 579.0 645.0 372.0 548.0 518.0 525.0 360.0 448.0 746.0 483.0 580.0 438.0 482.0 613.0 453.0 453.0 686.0 309.0 453.0 345.0 491.0 384.0 623.0 224.0 704.0 628.0 322.0 213.0 465.0 507.0 225.0 721.0 96.0 398.0 523.0 470.0 265.0 283.0 387.0 226.0 436.0 353.0 451.0 400.0 391.0 92.0 546.0 729.0 364.0 269.0 539.0 292.0 389.0 488.0 480.0 254.0 244.0 513.0 580.0 293.0 228.0 529.0 685.0 346.0 625.0 573.0 716.0 391.0 439.0 495.0 283.0 311.0 411.0 364.0 663.0 157.0 567.0 462.0 289.0 299.0
322.0 245.0 305.0 506.0 311.0 318.0 377.0 149.0 303.0 462.0 341.0 177.0 346.0 235.0 231.0 270.0 303.0 346.0 324.0 242.0 0.0 314.0 150.0 298.0 248.0 181.0 318.0 438.0 190.0 379.0 266.0 125.0 219.0 327.0 280.0 418.0 455.0 138.0 314.0 192.0 182.0 227.0 224.0 329.0 315.0 308.0 414.0 235.0 288.0 237.0 252.0 221.0 359.0 269.0 218.0 204.0 312.0 279.0 224.0 323.0 341.0 334.0 300.0 363.0 195.0 323.0 242.0 237.0 258.0 255.0 318.0 283.0 299.0 179.0 249.0 224.0 192.0 403.0 317.0 138.0 264.0 329.0 468.0 150.0 248.0 338.0 439.0 460.0 404.0 323.0 279.0 366.0 358.0 247.0 404.0 433.0 267.0 274.0 293.0 277.0 274.0 214.0 312.0 217.0 251.0 282.0 231.0 96.0 319.0 255.0 361.0 463.0 299.0 197.0 126.0 137.0 361.0 386.0 326.0 290.0 179.0 152.0 371.0 322.0 303.0 346.0 252.0 314.0 381.0 235.0 387.0 367.0 312.0 412.0 227.0 255.0 330.0 256.0 290.0 319.0 134.0 337.0 298.0 363.0 358.0 341.0 363.0 253.0 278.0 451.0 242.0 308.0 383.0 254.0 234.0 237.0 152.0 254.0 174.0 362.0 357.0 263.0 225.0 275.0 345.0 352.0 194.0 217.0 256.0 274.0 278.0 244.0 385.0 243.0 424.0 292.0 359.0 278.0 254.0 324.0 358.0 288.0 324.0 219.0 460.0 403.0 272.0 180.0 326.0 323.0 217.0 365.0 344.0 352.0 362.0 287.0 353.0 172.0 305.0 257.0 230.0 326.0 144.0 231.0 331.0 376.0 261.0 295.0 413.0 238.0 560.0 240.0 375.0 297.0 210.0 369.0 389.0 400.0 312.0 117.0 346.0 295.0 424.0 196.0 301.0 303.0 431.0 349.0 242.0 416.0 198.0 324.0 274.0 310.0 202.0 348.0 238.0 205.0 436.0 330.0 349.0 277.0 327.0 291.0
303.0 362.0 376.0 473.0 422.0 412.0 322.0 210.0 361.0 349.0 218.0 343.0 260.0 251.0 306.0 194.0 248.0 269.0 264.0 469.0 314.0 0.0 207.0 285.0 323.0 250.0 209.0 300.0 254.0 593.0 316.0 237.0 363.0 296.0 151.0 142.0 388.0 306.0 309.0 395.0 397.0 200.0 277.0 313.0 236.0 329.0 318.0 251.0 338.0 300.0 355.0 262.0 265.0 286.0 224.0 381.0 320.0 372.0 311.0 296.0 351.0 303.0 267.0 385.0 228.0 454.0 258.0 264.0 237.0 264.0 209.0 374.0 228.0 227.0 303.0 311.0 395.0 325.0 304.0 306.0 214.0 229.0 298.0 207.0 323.0 283.0 152.0 266.0 262.0 344.0 313.0 253.0 298.0 132.0 224.0 327.0 245.0 347.0 286.0 326.0 370.0 310.0 281.0 291.0 275.0 261.0 332.0 251.0 320.0 348.0 264.0 236.0 274.0 247.0 350.0 244.0 322.0 369.0 330.0 263.0 227.0 330.0 219.0 263.0 213.0 321.0 355.0 0.0 304.0 282.0 299.0 282.0 337.0 277.0 200.0 329.0 304.0 449.0 190.0 466.0 267.0 279.0 412.0 245.0 334.0 205.0 415.0 434.0 190.0 272.0 246.0 177.0 467.0 301.0 373.0 307.0 203.0 280.0 165.0 339.0 349.0 335.0 354.0 389.0 258.0 384.0 331.0 129.0 282.0 305.0 301.0 200.0 533.0 280.0 345.0 399.0 265.0 314.0 301.0 264.0 334.0 338.0 264.0 363.0 266.0 431.0 355.0 262.0 330.0 296.0 288.0 315.0 327.0 343.0 256.0 283.0 292.0 271.0 297.0 379.0 371.0 357.0 237.0 452.0 129.0 284.0 271.0 296.0 212.0 285.0 375.0 268.0 412.0 316.0 213.0 278.0 233.0 215.0 320.0 194.0 261.0 374.0 345.0 250.0 275.0 361.0 389.0 262.0 258.0 318.0 314.0 286.0 370.0 210.0 278.0 184.0 297.0 213.0 316.0 177.0 252.0 276.0 175.0 250.0
266.0 356.0 374.0 518.0 310.0 243.0 377.0 271.0 414.0 349.0 255.0 371.0 254.0 410.0 291.0 373.0 290.0 354.0 271.0 207.0 150.0 207.0 0.0 331.0 364.0 195.0 219.0 366.0 233.0 381.0 304.0 124.0 294.0 372.0 312.0 457.0 247.0 220.0 309.0 255.0 465.0 271.0 311.0 208.0 313.0 458.0 287.0 410.0 225.0 342.0 323.0 143.0 291.0 399.0 266.0 175.0 130.0 360.0 365.0 408.0 353.0 321.0 246.0 360.0 224.0 413.0 255.0 241.0 285.0 398.0 219.0 206.0 293.0 205.0 342.0 365.0 255.0 204.0 334.0 220.0 276.0 221.0 435.0 0.0 364.0 214.0 204.0 278.0 416.0 411.0 262.0 239.0 358.0 137.0 299.0 364.0 261.0 241.0 335.0 326.0 312.0 200.0 281.0 241.0 282.0 305.0 262.0 227.0 223.0 508.0 282.0 438.0 334.0 215.0 100.0 126.0 416.0 462.0 456.0 421.0 205.0 260.0 420.0 159.0 264.0 357.0 323.0 207.0 304.0 182.0 317.0 456.0 370.0 306.0 271.0 331.0 309.0 189.0 161.0 305.0 184.0 264.0 241.0 215.0 537.0 283.0 368.0 338.0 167.0 362.0 349.0 165.0 402.0 328.0 292.0 231.0 262.0 214.0 161.0 531.0 411.0 389.0 223.0 291.0 300.0 511.0 373.0 264.0 543.0 335.0 310.0 239.0 487.0 371.0 428.0 375.0 311.0 380.0 328.0 271.0 537.0 225.0 271.0 294.0 278.0 439.0 425.0 160.0 456.0 408.0 245.0 258.0 391.0 417.0 160.0 542.0 210.0 208.0 389.0 387.0 199.0 143.0 336.0 355.0 363.0 309.0 275.0 257.0 356.0 126.0 387.0 453.0 370.0 260.0 388.0 197.0 255.0 398.0 347.0 121.0 191.0 372.0 428.0 326.0 338.0 414.0 478.0 304.0 255.0 322.0 330.0 372.0 312.0 284.0 258.0 172.0 303.0 290.0 427.0 239.0 359.0 387.0 248.0 256.0
188.0 210.0 195.0 331.0 183.0 550.0 297.0 207.0 177.0 323.0 230.0 237.0 253.0 267.0 237.0 198.0 202.0 204.0 234.0 556.0 298.0 285.0 331.0 0.0 164.0 231.0 217.0 392.0 226.0 732.0 223.0 209.0 258.0 244.0 336.0 179.0 457.0 248.0 200.0 182.0 167.0 195.0 173.0 251.0 214.0 296.0 475.0 267.0 196.0 208.0 177.0 282.0 231.0 220.0 264.0 475.0 296.0 280.0 222.0 248.0 223.0 320.0 105.0 222.0 223.0 244.0 156.0 288.0 279.0 221.0 217.0 423.0 185.0 289.0 227.0 222.0 182.0 431.0 265.0 248.0 330.0 102.0 219.0 331.0 164.0 266.0 363.0 300.0 235.0 220.0 106.0 180.0 170.0 236.0 261.0 352.0 167.0 244.0 230.0 179.0 140.0 328.0 343.0 207.0 295.0 116.0 130.0 266.0 297.0 202.0 189.0 298.0 339.0 202.0 252.0 361.0 371.0 273.0 268.0 115.0 289.0 254.0 242.0 498.0 227.0 281.0 177.0 285.0 236.0 298.0 200.0 274.0 142.0 207.0 195.0 316.0 155.0 548.0 242.0 393.0 325.0 320.0 615.0 168.0 241.0 249.0 226.0 215.0 405.0 231.0 138.0 260.0 285.0 142.0 201.0 356.0 241.0 277.0 321.0 258.0 200.0 147.0 180.0 250.0 310.0 293.0 231.0 278.0 240.0 186.0 225.0 165.0 371.0 246.0 265.0 253.0 174.0 209.0 142.0 234.0 241.0 196.0 234.0 258.0 300.0 292.0 335.0 221.0 268.0 248.0 229.0 423.0 156.0 317.0 468.0 223.0 354.0 181.0 284.0 306.0 145.0 316.0 202.0 346.0 364.0 413.0 191.0 379.0 241.0 280.0 216.0 204.0 221.0 119.0 157.0 235.0 283.0 273.0 222.0 293.0 226.0 294.0 265.0 212.0 224.0 177.0 224.0 278.0 156.0 156.0 282.0 250.0 140.0 227.0 234.0 287.0 158.0 198.0 270.0 212.0 112.0 183.0 180.0 262.0
164.0 71.0 127.0 296.0 211.0 326.0 337.0 230.0 187.0 225.0 157.0 155.0 234.0 283.0 245.0 130.0 178.0 92.0 165.0 394.0 248.0 323.0 364.0 164.0 0.0 292.0 154.0 266.0 126.0 614.0 200.0 182.0 151.0 110.0 196.0 342.0 441.0 150.0 225.0 298.0 113.0 180.0 189.0 189.0 130.0 117.0 356.0 283.0 81.0 191.0 144.0 271.0 247.0 203.0 225.0 247.0 189.0 276.0 154.0 196.0 180.0 226.0 180.0 116.0 279.0 171.0 192.0 228.0 169.0 189.0 154.0 233.0 144.0 142.0 192.0 154.0 298.0 292.0 303.0 150.0 205.0 215.0 212.0 364.0 0.0 248.0 298.0 148.0 210.0 174.0 103.0 235.0 246.0 189.0 202.0 144.0 214.0 83.0 160.0 113.0 143.0 212.0 222.0 274.0 328.0 110.0 215.0 138.0 268.0 195.0 177.0 265.0 145.0 319.0 211.0 283.0 161.0 174.0 233.0 222.0 142.0 166.0 193.0 329.0 195.0 189.0 144.0 323.0 171.0 226.0 147.0 228.0 172.0 158.0 180.0 194.0 136.0 325.0 98.0 206.0 337.0 209.0 518.0 142.0 176.0 283.0 205.0 142.0 378.0 233.0 130.0 212.0 340.0 145.0 183.0 230.0 107.0 187.0 141.0 166.0 66.0 181.0 278.0 129.0 286.0 316.0 215.0 319.0 157.0 92.0 199.0 136.0 244.0 205.0 156.0 89.0 165.0 259.0 145.0 165.0 176.0 81.0 165.0 151.0 148.0 144.0 207.0 331.0 233.0 196.0 286.0 382.0 117.0 129.0 305.0 175.0 275.0 203.0 165.0 142.0 136.0 186.0 212.0 274.0 146.0 176.0 200.0 228.0 214.0 282.0 148.0 130.0 133.0 78.0 100.0 181.0 164.0 175.0 193.0 119.0 139.0 190.0 156.0 117.0 222.0 187.0 201.0 180.0 192.0 168.0 306.0 120.0 143.0 175.0 220.0 181.0 68.0 104.0 179.0 180.0 102.0 235.0 107.0 252.0
356.0 290.0 332.0 386.0 211.0 292.0 297.0 206.0 308.0 404.0 267.0 249.0 227.0 261.0 273.0 169.0 127.0 237.0 224.0 358.0 181.0 250.0 195.0 231.0 292.0 0.0 220.0 326.0 289.0 510.0 259.0 118.0 314.0 281.0 419.0 360.0 410.0 156.0 267.0 304.0 420.0 49.0 236.0 199.0 374.0 402.0 329.0 261.0 266.0 324.0 269.0 216.0 204.0 386.0 249.0 303.0 240.0 317.0 304.0 358.0 340.0 408.0 154.0 372.0 221.0 299.0 177.0 265.0 234.0 277.0 220.0 268.0 117.0 201.0 282.0 304.0 304.0 284.0 243.0 156.0 398.0 118.0 324.0 195.0 292.0 218.0 272.0 335.0 257.0 432.0 250.0 188.0 261.0 180.0 249.0 424.0 168.0 190.0 244.0 204.0 219.0 227.0 316.0 109.0 159.0 226.0 301.0 229.0 221.0 324.0 282.0 393.0 266.0 222.0 209.0 187.0 236.0 444.0 359.0 352.0 201.0 194.0 403.0 332.0 285.0 290.0 269.0 250.0 356.0 156.0 231.0 123.0 257.0 305.0 49.0 228.0 259.0 306.0 202.0 404.0 254.0 298.0 338.0 213.0 406.0 80.0 280.0 255.0 162.0 249.0 193.0 164.0 335.0 311.0 355.0 359.0 295.0 274.0 264.0 358.0 341.0 272.0 242.0 262.0 205.0 363.0 225.0 137.0 249.0 248.0 242.0 203.0 398.0 247.0 253.0 362.0 231.0 278.0 311.0 224.0 406.0 266.0 224.0 314.0 335.0 302.0 300.0 182.0 359.0 358.0 239.0 372.0 200.0 256.0 263.0 295.0 197.0 251.0 366.0 198.0 246.0 261.0 222.0 298.0 252.0 244.0 194.0 376.0 312.0 305.0 365.0 329.0 413.0 270.0 234.0 263.0 341.0 335.0 267.0 98.0 281.0 234.0 253.0 228.0 178.0 308.0 362.0 159.0 177.0 323.0 303.0 295.0 219.0 268.0 176.0 324.0 294.0 196.0 469.0 215.0 347.0 349.0 237.0 226.0
226.0 157.0 261.0 237.0 235.0 334.0 277.0 140.0 222.0 225.0 161.0 228.0 229.0 202.0 309.0 125.0 171.0 225.0 179.0 361.0 318.0 209.0 219.0 217.0 154.0 220.0 0.0 207.0 186.0 689.0 238.0 140.0 167.0 244.0 174.0 281.0 310.0 235.0 160.0 311.0 322.0 196.0 117.0 97.0 226.0 281.0 236.0 202.0 188.0 243.0 207.0 268.0 254.0 195.0 234.0 215.0 259.0 291.0 250.0 275.0 223.0 276.0 197.0 255.0 199.0 232.0 196.0 285.0 251.0 225.0 0.0 244.0 129.0 116.0 84.0 250.0 311.0 209.0 249.0 235.0 224.0 144.0 333.0 219.0 154.0 220.0 327.0 193.0 135.0 300.0 142.0 173.0 242.0 160.0 228.0 190.0 162.0 129.0 205.0 164.0 185.0 176.0 238.0 173.0 210.0 195.0 222.0 183.0 209.0 246.0 189.0 306.0 194.0 166.0 218.0 284.0 266.0 310.0 271.0 249.0 116.0 288.0 330.0 242.0 176.0 197.0 207.0 209.0 168.0 171.0 207.0 160.0 180.0 258.0 196.0 110.0 285.0 289.0 119.0 310.0 218.0 229.0 437.0 134.0 170.0 133.0 190.0 306.0 321.0 264.0 191.0 246.0 215.0 294.0 354.0 294.0 200.0 193.0 124.0 330.0 273.0 271.0 268.0 140.0 199.0 295.0 271.0 147.0 187.0 202.0 186.0 157.0 360.0 210.0 298.0 215.0 316.0 220.0 294.0 179.0 170.0 188.0 179.0 167.0 193.0 268.0 252.0 204.0 271.0 275.0 274.0 290.0 147.0 236.0 198.0 270.0 201.0 224.0 217.0 188.0 190.0 104.0 206.0 343.0 136.0 151.0 209.0 256.0 190.0 212.0 312.0 252.0 112.0 229.0 229.0 276.0 165.0 117.0 220.0 156.0 132.0 298.0 298.0 274.0 151.0 222.0 269.0 138.0 196.0 170.0 303.0 149.0 185.0 215.0 198.0 181.0 187.0 141.0 273.0 190.0 322.0 276.0 158.0 237.0
