0.0 59.0 33.0 98.0 95.0 373.0 80.0 106.0 55.0 56.0 79.0 89.0 74.0 97.0 77.0 214.0 67.0 68.0 91.0 163.0 129.0 123.0 223.0 75.0 33.0 250.0 92.0 77.0 71.0 727.0 97.0 122.0 83.0 19.0 118.0 94.0 123.0 120.0 87.0 158.0 47.0 85.0 69.0 205.0 48.0 85.0 80.0 97.0 151.0 47.0 129.0 62.0 109.0 103.0 67.0 173.0 162.0 98.0 41.0 74.0 46.0 55.0 83.0 58.0 134.0 106.0 101.0 142.0 77.0 52.0 92.0 80.0 68.0 167.0 48.0 41.0 158.0 154.0 80.0 120.0 107.0 132.0 71.0 223.0 33.0 83.0 157.0 92.0 75.0 45.0 43.0 112.0 94.0 114.0 120.0 43.0 118.0 72.0 46.0 41.0 49.0 168.0 79.0 132.0 143.0 70.0 75.0 92.0 131.0 97.0 39.0 28.0 59.0 171.0 165.0 181.0 85.0 44.0 32.0 26.0 167.0 80.0 98.0 240.0 47.0 127.0 129.0 123.0 98.0 46.0 55.0 186.0 92.0 76.0 85.0 160.0 112.0 187.0 91.0 52.0 125.0 64.0 130.0 31.0 36.0 238.0 87.0 54.0 247.0 193.0 57.0 126.0 63.0 31.0 82.0 45.0 74.0 55.0 76.0 63.0 55.0 37.0 126.0 93.0 60.0 173.0 128.0 235.0 146.0 110.0 123.0 132.0 275.0 70.0 77.0 52.0 65.0 77.0 31.0 91.0 36.0 151.0 91.0 83.0 92.0 115.0 86.0 160.0 32.0 74.0 124.0 225.0 74.0 91.0 241.0 74.0 171.0 35.0 102.0 62.0 47.0 185.0 54.0 156.0 100.0 121.0 102.0 39.0 49.0 125.0 118.0 88.0 72.0 112.0 85.0 76.0 104.0 54.0 55.0 201.0 39.0 51.0 77.0 70.0 132.0 55.0 19.0 83.0 101.0 43.0 67.0 45.0 49.0 58.0 133.0 84.0 160.0 69.0 21.0 121.0 40.0 63.0 75.0 77.0
59.0 0.0 94.0 138.0 69.0 648.0 156.0 117.0 110.0 40.0 31.0 112.0 99.0 156.0 92.0 121.0 40.0 157.0 39.0 263.0 42.0 168.0 159.0 79.0 16.0 166.0 107.0 195.0 140.0 736.0 190.0 138.0 55.0 175.0 158.0 210.0 201.0 85.0 65.0 205.0 111.0 78.0 90.0 138.0 17.0 157.0 109.0 156.0 87.0 180.0 143.0 52.0 223.0 165.0 57.0 109.0 134.0 97.0 111.0 89.0 86.0 82.0 74.0 136.0 116.0 79.0 74.0 133.0 92.0 75.0 107.0 52.0 48.0 80.0 72.0 111.0 205.0 126.0 188.0 85.0 109.0 133.0 159.0 159.0 16.0 14.0 93.0 88.0 124.0 86.0 39.0 64.0 159.0 45.0 148.0 52.0 69.0 116.0 99.0 49.0 119.0 199.0 85.0 102.0 153.0 99.0 52.0 84.0 111.0 167.0 88.0 83.0 144.0 99.0 143.0 112.0 140.0 134.0 59.0 73.0 80.0 78.0 52.0 137.0 62.0 93.0 143.0 168.0 224.0 20.0 165.0 168.0 44.0 67.0 78.0 127.0 101.0 158.0 89.0 69.0 167.0 56.0 208.0 29.0 133.0 187.0 151.0 136.0 192.0 233.0 134.0 79.0 71.0 115.0 122.0 11.0 40.0 74.0 39.0 24.0 114.0 53.0 161.0 114.0 69.0 201.0 172.0 173.0 205.0 90.0 118.0 63.0 215.0 124.0 110.0 21.0 134.0 61.0 115.0 39.0 133.0 87.0 39.0 55.0 88.0 174.0 142.0 136.0 59.0 89.0 111.0 163.0 45.0 179.0 149.0 159.0 260.0 52.0 130.0 182.0 53.0 101.0 46.0 55.0 97.0 68.0 133.0 50.0 72.0 118.0 86.0 108.0 19.0 137.0 63.0 34.0 70.0 70.0 87.0 161.0 113.0 53.0 110.0 33.0 151.0 110.0 140.0 123.0 74.0 175.0 66.0 42.0 119.0 106.0 119.0 52.0 59.0 35.0 108.0 66.0 49.0 166.0 33.0 56.0
33.0 94.0 0.0 77.0 142.0 581.0 211.0 252.0 79.0 92.0 103.0 99.0 64.0 165.0 160.0 67.0 146.0 54.0 103.0 417.0 99.0 222.0 279.0 84.0 66.0 331.0 137.0 112.0 85.0 871.0 148.0 158.0 104.0 51.0 203.0 180.0 156.0 125.0 116.0 140.0 55.0 136.0 60.0 219.0 54.0 23.0 168.0 165.0 101.0 89.0 86.0 71.0 118.0 45.0 92.0 217.0 354.0 177.0 44.0 89.0 70.0 30.0 131.0 45.0 194.0 92.0 44.0 236.0 71.0 61.0 137.0 178.0 129.0 210.0 51.0 44.0 140.0 208.0 132.0 125.0 139.0 164.0 44.0 279.0 66.0 123.0 194.0 195.0 68.0 26.0 53.0 181.0 112.0 119.0 157.0 77.0 165.0 87.0 117.0 60.0 40.0 353.0 192.0 206.0 193.0 117.0 118.0 127.0 202.0 97.0 51.0 62.0 148.0 303.0 304.0 211.0 191.0 31.0 50.0 62.0 210.0 204.0 56.0 253.0 127.0 50.0 86.0 222.0 221.0 79.0 102.0 215.0 110.0 74.0 136.0 275.0 103.0 382.0 91.0 130.0 229.0 113.0 170.0 79.0 226.0 310.0 81.0 54.0 241.0 161.0 88.0 224.0 75.0 51.0 83.0 98.0 143.0 113.0 90.0 71.0 71.0 87.0 238.0 223.0 96.0 121.0 119.0 295.0 211.0 118.0 146.0 132.0 153.0 153.0 64.0 46.0 36.0 127.0 51.0 103.0 226.0 101.0 103.0 104.0 195.0 132.0 114.0 209.0 50.0 89.0 208.0 241.0 58.0 116.0 299.0 52.0 318.0 109.0 125.0 47.0 105.0 170.0 135.0 111.0 169.0 129.0 107.0 165.0 58.0 160.0 113.0 105.0 82.0 143.0 49.0 88.0 83.0 133.0 88.0 223.0 51.0 76.0 64.0 79.0 118.0 79.0 8.0 152.0 44.0 82.0 114.0 98.0 40.0 70.0 160.0 88.0 90.0 67.0 47.0 361.0 72.0 101.0 79.0 171.0
98.0 138.0 77.0 0.0 118.0 642.0 107.0 157.0 82.0 146.0 103.0 46.0 33.0 180.0 176.0 49.0 95.0 62.0 175.0 223.0 199.0 125.0 239.0 126.0 103.0 262.0 122.0 112.0 126.0 899.0 130.0 191.0 132.0 98.0 191.0 90.0 192.0 180.0 101.0 231.0 52.0 166.0 22.0 315.0 55.0 190.0 109.0 180.0 166.0 89.0 110.0 136.0 122.0 145.0 85.0 213.0 113.0 159.0 127.0 81.0 36.0 25.0 92.0 151.0 216.0 146.0 66.0 174.0 89.0 91.0 122.0 174.0 104.0 155.0 89.0 127.0 231.0 155.0 90.0 180.0 138.0 96.0 103.0 239.0 103.0 48.0 261.0 142.0 101.0 112.0 71.0 149.0 116.0 193.0 127.0 140.0 75.0 47.0 49.0 63.0 116.0 295.0 149.0 134.0 201.0 181.0 91.0 214.0 219.0 120.0 64.0 124.0 78.0 320.0 238.0 229.0 154.0 164.0 119.0 118.0 155.0 110.0 117.0 257.0 73.0 151.0 110.0 125.0 128.0 137.0 84.0 274.0 90.0 61.0 166.0 184.0 73.0 203.0 98.0 129.0 164.0 51.0 202.0 69.0 98.0 285.0 31.0 82.0 293.0 104.0 37.0 74.0 142.0 89.0 104.0 63.0 118.0 69.0 126.0 75.0 54.0 161.0 210.0 131.0 122.0 134.0 202.0 370.0 265.0 96.0 250.0 189.0 163.0 135.0 125.0 80.0 110.0 158.0 89.0 175.0 98.0 166.0 175.0 132.0 142.0 142.0 172.0 69.0 119.0 81.0 214.0 248.0 40.0 146.0 217.0 133.0 194.0 121.0 261.0 138.0 95.0 184.0 98.0 222.0 103.0 221.0 122.0 194.0 150.0 203.0 139.0 119.0 124.0 199.0 56.0 184.0 108.0 107.0 85.0 259.0 74.0 103.0 125.0 120.0 64.0 82.0 60.0 66.0 66.0 118.0 72.0 81.0 116.0 80.0 206.0 152.0 111.0 74.0 72.0 119.0 35.0 82.0 78.0 69.0
95.0 69.0 142.0 118.0 0.0 218.0 69.0 92.0 53.0 164.0 106.0 100.0 74.0 150.0 59.0 46.0 97.0 137.0 164.0 368.0 120.0 182.0 80.0 75.0 116.0 163.0 88.0 175.0 63.0 724.0 49.0 74.0 166.0 99.0 171.0 110.0 104.0 85.0 44.0 114.0 107.0 89.0 97.0 133.0 123.0 116.0 50.0 150.0 165.0 92.0 138.0 121.0 148.0 91.0 102.0 218.0 105.0 126.0 82.0 93.0 79.0 135.0 68.0 43.0 75.0 147.0 176.0 121.0 85.0 88.0 88.0 155.0 82.0 112.0 81.0 82.0 114.0 89.0 110.0 85.0 145.0 133.0 146.0 80.0 116.0 82.0 97.0 107.0 87.0 115.0 104.0 85.0 117.0 71.0 153.0 106.0 73.0 57.0 120.0 111.0 61.0 150.0 63.0 126.0 95.0 109.0 58.0 105.0 76.0 111.0 100.0 139.0 142.0 184.0 119.0 111.0 89.0 101.0 135.0 121.0 112.0 86.0 92.0 97.0 91.0 170.0 138.0 182.0 104.0 92.0 140.0 192.0 103.0 114.0 89.0 101.0 78.0 444.0 98.0 85.0 148.0 84.0 93.0 81.0 93.0 173.0 58.0 41.0 134.0 147.0 108.0 106.0 93.0 58.0 117.0 110.0 48.0 32.0 99.0 182.0 56.0 77.0 40.0 59.0 124.0 216.0 123.0 206.0 180.0 172.0 204.0 174.0 256.0 113.0 104.0 145.0 140.0 92.0 58.0 164.0 93.0 165.0 164.0 166.0 107.0 107.0 134.0 97.0 135.0 93.0 74.0 151.0 95.0 159.0 96.0 140.0 353.0 51.0 158.0 84.0 34.0 195.0 155.0 62.0 110.0 163.0 79.0 127.0 174.0 116.0 132.0 133.0 103.0 134.0 127.0 67.0 67.0 67.0 95.0 136.0 56.0 26.0 104.0 90.0 67.0 53.0 86.0 70.0 176.0 78.0 43.0 101.0 61.0 138.0 88.0 123.0 115.0 104.0 86.0 113.0 95.0 134.0 84.0 71.0
373.0 648.0 581.0 642.0 218.0 0.0 339.0 252.0 464.0 435.0 403.0 512.0 367.0 537.0 219.0 442.0 125.0 596.0 514.0 41.0 254.0 353.0 286.0 415.0 495.0 185.0 266.0 457.0 359.0 26.0 153.0 312.0 345.0 544.0 450.0 497.0 434.0 213.0 370.0 481.0 643.0 277.0 379.0 212.0 396.0 654.0 426.0 537.0 382.0 492.0 187.0 170.0 525.0 580.0 335.0 183.0 235.0 512.0 417.0 99.0 469.0 648.0 510.0 522.0 188.0 506.0 451.0 377.0 311.0 528.0 266.0 137.0 180.0 423.0 567.0 417.0 481.0 127.0 506.0 213.0 498.0 243.0 640.0 286.0 495.0 322.0 566.0 287.0 675.0 429.0 254.0 182.0 531.0 539.0 521.0 415.0 307.0 563.0 527.0 204.0 577.0 296.0 208.0 200.0 590.0 385.0 632.0 348.0 200.0 657.0 426.0 642.0 479.0 346.0 234.0 176.0 516.0 604.0 663.0 504.0 423.0 148.0 463.0 175.0 316.0 493.0 187.0 353.0 478.0 547.0 520.0 252.0 499.0 514.0 277.0 419.0 526.0 44.0 330.0 201.0 379.0 427.0 45.0 455.0 663.0 264.0 581.0 259.0 220.0 612.0 409.0 365.0 507.0 725.0 289.0 363.0 388.0 448.0 405.0 604.0 381.0 400.0 309.0 426.0 579.0 458.0 560.0 295.0 502.0 460.0 482.0 374.0 651.0 461.0 376.0 210.0 529.0 376.0 725.0 514.0 663.0 382.0 514.0 345.0 287.0 402.0 569.0 136.0 663.0 99.0 319.0 223.0 270.0 637.0 214.0 590.0 84.0 392.0 426.0 700.0 163.0 330.0 368.0 236.0 230.0 280.0 271.0 360.0 635.0 5.0 442.0 576.0 496.0 316.0 310.0 273.0 383.0 407.0 416.0 295.0 475.0 525.0 376.0 258.0 393.0 464.0 539.0 239.0 451.0 409.0 389.0 518.0 577.0 337.0 484.0 350.0 386.0 464.0 730.0 82.0 507.0 536.0 291.0 145.0
80.0 156.0 211.0 107.0 69.0 339.0 0.0 111.0 95.0 125.0 127.0 188.0 172.0 102.0 136.0 40.0 104.0 152.0 157.0 121.0 144.0 161.0 130.0 77.0 102.0 173.0 83.0 186.0 114.0 556.0 120.0 135.0 159.0 86.0 205.0 69.0 148.0 85.0 30.0 103.0 125.0 156.0 124.0 136.0 185.0 222.0 31.0 102.0 199.0 179.0 165.0 160.0 155.0 116.0 135.0 132.0 122.0 194.0 136.0 97.0 222.0 181.0 59.0 123.0 137.0 181.0 113.0 184.0 157.0 150.0 83.0 130.0 89.0 204.0 119.0 136.0 103.0 130.0 181.0 85.0 184.0 55.0 183.0 130.0 102.0 103.0 166.0 125.0 186.0 107.0 137.0 150.0 79.0 62.0 220.0 146.0 59.0 116.0 120.0 144.0 135.0 137.0 65.0 132.0 119.0 83.0 100.0 67.0 122.0 134.0 55.0 181.0 111.0 91.0 145.0 141.0 111.0 171.0 115.0 85.0 204.0 26.0 83.0 134.0 32.0 152.0 165.0 161.0 114.0 144.0 97.0 156.0 113.0 72.0 156.0 160.0 78.0 146.0 121.0 53.0 135.0 93.0 165.0 128.0 53.0 157.0 88.0 205.0 110.0 233.0 95.0 60.0 122.0 145.0 122.0 141.0 160.0 83.0 155.0 113.0 94.0 90.0 238.0 68.0 139.0 158.0 224.0 165.0 156.0 71.0 220.0 55.0 361.0 216.0 184.0 143.0 192.0 110.0 145.0 157.0 53.0 199.0 157.0 159.0 125.0 251.0 222.0 176.0 115.0 97.0 136.0 166.0 95.0 215.0 188.0 100.0 411.0 62.0 270.0 194.0 94.0 99.0 171.0 78.0 101.0 172.0 128.0 84.0 116.0 391.0 159.0 267.0 116.0 195.0 63.0 104.0 54.0 26.0 117.0 175.0 145.0 128.0 184.0 155.0 40.0 95.0 107.0 47.0 113.0 195.0 115.0 166.0 135.0 93.0 138.0 116.0 161.0 99.0 128.0 16.0 57.0 99.0 58.0 70.0
106.0 117.0 252.0 157.0 92.0 252.0 111.0 0.0 134.0 68.0 49.0 204.0 150.0 184.0 128.0 117.0 74.0 123.0 122.0 176.0 189.0 83.0 161.0 100.0 192.0 122.0 74.0 194.0 36.0 459.0 266.0 158.0 106.0 159.0 147.0 82.0 194.0 193.0 84.0 223.0 239.0 58.0 107.0 106.0 107.0 174.0 63.0 184.0 132.0 200.0 159.0 255.0 211.0 101.0 106.0 171.0 47.0 145.0 146.0 82.0 175.0 180.0 83.0 247.0 149.0 102.0 167.0 100.0 100.0 143.0 74.0 51.0 96.0 170.0 158.0 146.0 223.0 46.0 168.0 193.0 116.0 103.0 242.0 161.0 192.0 145.0 101.0 78.0 182.0 231.0 100.0 120.0 128.0 107.0 218.0 67.0 83.0 85.0 151.0 160.0 139.0 76.0 92.0 52.0 149.0 181.0 131.0 86.0 129.0 242.0 131.0 167.0 162.0 87.0 218.0 205.0 177.0 244.0 147.0 175.0 170.0 59.0 187.0 157.0 66.0 223.0 159.0 83.0 94.0 77.0 179.0 143.0 157.0 152.0 58.0 104.0 145.0 247.0 49.0 196.0 69.0 79.0 244.0 83.0 124.0 119.0 155.0 160.0 135.0 213.0 192.0 87.0 134.0 145.0 136.0 119.0 28.0 97.0 74.0 169.0 227.0 160.0 208.0 107.0 115.0 235.0 193.0 129.0 242.0 178.0 163.0 127.0 272.0 243.0 225.0 148.0 178.0 107.0 145.0 122.0 124.0 132.0 122.0 106.0 78.0 121.0 210.0 50.0 147.0 82.0 161.0 109.0 91.0 229.0 152.0 230.0 256.0 109.0 238.0 176.0 89.0 109.0 116.0 179.0 54.0 133.0 139.0 149.0 141.0 317.0 239.0 226.0 97.0 185.0 151.0 64.0 66.0 95.0 125.0 117.0 75.0 71.0 225.0 142.0 160.0 134.0 161.0 154.0 167.0 137.0 52.0 85.0 139.0 158.0 188.0 94.0 112.0 133.0 126.0 110.0 226.0 144.0 95.0 73.0
55.0 110.0 79.0 82.0 53.0 464.0 95.0 134.0 0.0 137.0 68.0 67.0 86.0 50.0 99.0 34.0 86.0 7.0 36.0 147.0 144.0 216.0 146.0 77.0 115.0 242.0 99.0 167.0 81.0 759.0 99.0 157.0 123.0 44.0 94.0 141.0 138.0 122.0 132.0 147.0 51.0 191.0 34.0 134.0 73.0 35.0 173.0 50.0 102.0 66.0 120.0 30.0 75.0 79.0 25.0 198.0 327.0 147.0 56.0 45.0 52.0 122.0 145.0 91.0 144.0 51.0 106.0 226.0 128.0 62.0 99.0 171.0 82.0 109.0 132.0 56.0 147.0 135.0 54.0 122.0 63.0 26.0 74.0 146.0 115.0 82.0 158.0 67.0 104.0 140.0 33.0 180.0 110.0 124.0 54.0 48.0 110.0 59.0 80.0 109.0 42.0 241.0 43.0 178.0 165.0 62.0 88.0 82.0 151.0 38.0 75.0 92.0 84.0 254.0 238.0 177.0 27.0 67.0 192.0 33.0 109.0 46.0 94.0 273.0 45.0 114.0 120.0 216.0 103.0 76.0 92.0 135.0 55.0 80.0 191.0 114.0 87.0 153.0 102.0 48.0 220.0 52.0 134.0 174.0 42.0 209.0 52.0 29.0 125.0 37.0 104.0 100.0 81.0 55.0 156.0 68.0 83.0 31.0 68.0 91.0 36.0 47.0 107.0 213.0 62.0 203.0 107.0 220.0 179.0 76.0 44.0 163.0 189.0 46.0 98.0 101.0 114.0 95.0 55.0 36.0 42.0 102.0 36.0 123.0 67.0 93.0 12.0 104.0 192.0 45.0 146.0 227.0 69.0 22.0 253.0 152.0 140.0 81.0 26.0 83.0 39.0 179.0 69.0 146.0 132.0 66.0 59.0 134.0 102.0 142.0 57.0 34.0 71.0 78.0 145.0 94.0 119.0 86.0 46.0 93.0 31.0 43.0 98.0 94.0 66.0 0.0 76.0 109.0 106.0 50.0 38.0 135.0 42.0 95.0 136.0 102.0 98.0 81.0 90.0 237.0 70.0 111.0 73.0 81.0
56.0 40.0 92.0 146.0 164.0 435.0 125.0 68.0 137.0 0.0 50.0 116.0 114.0 117.0 97.0 53.0 76.0 116.0 122.0 277.0 147.0 187.0 246.0 57.0 62.0 198.0 112.0 134.0 57.0 680.0 93.0 115.0 33.0 84.0 143.0 113.0 135.0 118.0 75.0 118.0 151.0 98.0 74.0 191.0 25.0 109.0 73.0 117.0 98.0 132.0 144.0 89.0 150.0 98.0 61.0 123.0 80.0 111.0 63.0 69.0 88.0 96.0 88.0 74.0 125.0 78.0 93.0 84.0 86.0 78.0 112.0 49.0 65.0 158.0 103.0 63.0 118.0 103.0 185.0 118.0 83.0 62.0 118.0 246.0 62.0 100.0 80.0 87.0 82.0 97.0 26.0 69.0 58.0 53.0 158.0 32.0 99.0 59.0 109.0 77.0 42.0 191.0 120.0 95.0 135.0 126.0 118.0 114.0 127.0 121.0 103.0 164.0 112.0 196.0 180.0 148.0 177.0 166.0 63.0 67.0 158.0 100.0 90.0 161.0 72.0 142.0 144.0 187.0 80.0 27.0 120.0 232.0 44.0 90.0 98.0 120.0 70.0 170.0 120.0 119.0 174.0 74.0 151.0 29.0 214.0 197.0 65.0 117.0 179.0 159.0 74.0 111.0 46.0 97.0 113.0 32.0 54.0 84.0 64.0 65.0 59.0 62.0 100.0 77.0 60.0 199.0 151.0 203.0 155.0 92.0 155.0 79.0 282.0 111.0 128.0 54.0 147.0 126.0 97.0 122.0 214.0 98.0 122.0 33.0 87.0 118.0 138.0 162.0 63.0 69.0 119.0 177.0 47.0 127.0 132.0 186.0 204.0 25.0 183.0 72.0 66.0 148.0 113.0 60.0 89.0 138.0 126.0 66.0 69.0 156.0 80.0 126.0 94.0 171.0 43.0 47.0 80.0 90.0 100.0 105.0 18.0 55.0 128.0 58.0 85.0 137.0 99.0 104.0 93.0 93.0 69.0 18.0 42.0 103.0 131.0 90.0 87.0 45.0 55.0 94.0 75.0 89.0 41.0 51.0
79.0 31.0 103.0 103.0 106.0 403.0 127.0 49.0 68.0 50.0 0.0 120.0 77.0 122.0 98.0 76.0 92.0 67.0 137.0 121.0 144.0 124.0 112.0 124.0 64.0 150.0 100.0 143.0 62.0 616.0 128.0 120.0 47.0 103.0 168.0 114.0 161.0 130.0 109.0 201.0 84.0 78.0 116.0 136.0 53.0 105.0 85.0 122.0 74.0 123.0 152.0 64.0 156.0 77.0 84.0 114.0 59.0 90.0 94.0 53.0 57.0 128.0 120.0 64.0 134.0 100.0 148.0 148.0 102.0 75.0 100.0 86.0 86.0 112.0 132.0 94.0 201.0 70.0 114.0 130.0 78.0 101.0 138.0 112.0 64.0 37.0 130.0 122.0 117.0 111.0 50.0 123.0 101.0 94.0 144.0 75.0 123.0 75.0 135.0 99.0 93.0 137.0 123.0 86.0 136.0 150.0 88.0 91.0 125.0 133.0 102.0 99.0 97.0 137.0 117.0 168.0 179.0 144.0 109.0 80.0 112.0 114.0 85.0 145.0 58.0 137.0 152.0 124.0 95.0 50.0 134.0 192.0 96.0 105.0 78.0 106.0 117.0 184.0 110.0 155.0 74.0 119.0 151.0 82.0 105.0 133.0 64.0 62.0 134.0 177.0 112.0 65.0 68.0 105.0 126.0 40.0 52.0 74.0 67.0 85.0 81.0 57.0 149.0 139.0 115.0 199.0 149.0 124.0 158.0 118.0 147.0 147.0 260.0 129.0 166.0 56.0 214.0 116.0 105.0 137.0 105.0 74.0 137.0 47.0 122.0 151.0 168.0 133.0 109.0 53.0 107.0 154.0 49.0 192.0 128.0 161.0 150.0 62.0 123.0 109.0 59.0 90.0 55.0 128.0 35.0 121.0 114.0 144.0 77.0 159.0 108.0 118.0 66.0 111.0 78.0 65.0 69.0 83.0 107.0 121.0 44.0 43.0 166.0 73.0 167.0 68.0 109.0 125.0 148.0 103.0 94.0 31.0 93.0 106.0 137.0 93.0 70.0 81.0 61.0 92.0 92.0 137.0 86.0 72.0
89.0 112.0 99.0 46.0 100.0 512.0 188.0 204.0 67.0 116.0 120.0 0.0 119.0 61.0 140.0 107.0 123.0 106.0 108.0 154.0 145.0 200.0 252.0 118.0 114.0 144.0 135.0 65.0 122.0 753.0 122.0 152.0 125.0 58.0 112.0 145.0 164.0 114.0 120.0 170.0 102.0 142.0 34.0 139.0 94.0 60.0 124.0 61.0 94.0 85.0 87.0 89.0 72.0 123.0 187.0 165.0 155.0 62.0 88.0 109.0 43.0 62.0 110.0 103.0 155.0 84.0 103.0 159.0 87.0 97.0 135.0 150.0 131.0 122.0 75.0 88.0 170.0 191.0 67.0 114.0 129.0 227.0 60.0 252.0 114.0 102.0 147.0 125.0 126.0 63.0 88.0 132.0 139.0 142.0 81.0 97.0 161.0 116.0 89.0 34.0 94.0 202.0 112.0 167.0 49.0 69.0 95.0 136.0 166.0 27.0 94.0 72.0 77.0 220.0 168.0 195.0 108.0 81.0 74.0 82.0 122.0 162.0 90.0 216.0 106.0 130.0 87.0 200.0 137.0 135.0 80.0 154.0 153.0 46.0 142.0 126.0 68.0 175.0 127.0 107.0 104.0 94.0 149.0 67.0 100.0 157.0 153.0 91.0 138.0 91.0 35.0 274.0 131.0 66.0 103.0 137.0 122.0 110.0 137.0 93.0 95.0 85.0 179.0 163.0 67.0 159.0 84.0 157.0 247.0 146.0 86.0 137.0 293.0 60.0 87.0 124.0 41.0 135.0 66.0 108.0 100.0 94.0 108.0 125.0 125.0 95.0 76.0 154.0 74.0 109.0 172.0 190.0 71.0 95.0 95.0 99.0 164.0 127.0 80.0 53.0 85.0 232.0 82.0 106.0 107.0 100.0 188.0 117.0 85.0 151.0 115.0 53.0 114.0 107.0 97.0 130.0 71.0 181.0 63.0 117.0 102.0 131.0 87.0 120.0 109.0 67.0 48.0 99.0 103.0 60.0 96.0 130.0 94.0 110.0 148.0 157.0 73.0 110.0 52.0 147.0 56.0 56.0 95.0 92.0
74.0 99.0 64.0 33.0 74.0 367.0 172.0 150.0 86.0 114.0 77.0 119.0 0.0 154.0 78.0 51.0 89.0 98.0 178.0 417.0 124.0 127.0 232.0 78.0 129.0 130.0 98.0 114.0 73.0 547.0 103.0 178.0 130.0 93.0 130.0 66.0 168.0 141.0 71.0 182.0 64.0 118.0 108.0 237.0 157.0 135.0 91.0 154.0 129.0 92.0 99.0 87.0 140.0 81.0 74.0 346.0 115.0 127.0 88.0 53.0 55.0 74.0 28.0 141.0 195.0 161.0 116.0 130.0 100.0 118.0 98.0 342.0 80.0 142.0 86.0 88.0 182.0 118.0 87.0 141.0 166.0 58.0 89.0 232.0 129.0 68.0 134.0 114.0 130.0 114.0 45.0 103.0 92.0 224.0 106.0 120.0 87.0 89.0 75.0 112.0 81.0 158.0 100.0 137.0 129.0 164.0 87.0 120.0 170.0 97.0 111.0 81.0 96.0 223.0 220.0 227.0 144.0 74.0 177.0 99.0 142.0 79.0 103.0 175.0 93.0 137.0 99.0 127.0 77.0 117.0 103.0 156.0 119.0 43.0 118.0 137.0 95.0 378.0 83.0 162.0 231.0 47.0 165.0 99.0 59.0 158.0 16.0 84.0 108.0 84.0 57.0 67.0 108.0 47.0 91.0 73.0 82.0 46.0 118.0 74.0 53.0 130.0 108.0 77.0 163.0 174.0 109.0 133.0 126.0 91.0 230.0 99.0 322.0 133.0 76.0 151.0 73.0 132.0 47.0 178.0 59.0 129.0 178.0 130.0 114.0 115.0 67.0 222.0 177.0 53.0 178.0 179.0 26.0 139.0 145.0 134.0 377.0 94.0 167.0 109.0 56.0 197.0 89.0 163.0 123.0 184.0 97.0 104.0 119.0 169.0 212.0 113.0 106.0 122.0 109.0 83.0 67.0 84.0 64.0 216.0 57.0 59.0 76.0 108.0 61.0 86.0 51.0 69.0 116.0 113.0 62.0 161.0 81.0 76.0 162.0 107.0 167.0 93.0 69.0 109.0 21.0 84.0 83.0 98.0
97.0 156.0 165.0 180.0 150.0 537.0 102.0 184.0 50.0 117.0 122.0 61.0 154.0 0.0 164.0 134.0 148.0 66.0 125.0 195.0 156.0 175.0 198.0 151.0 99.0 130.0 97.0 132.0 152.0 761.0 195.0 190.0 131.0 104.0 92.0 148.0 211.0 205.0 136.0 229.0 181.0 150.0 139.0 127.0 117.0 78.0 152.0 0.0 164.0 148.0 126.0 186.0 29.0 195.0 178.0 198.0 165.0 85.0 61.0 135.0 116.0 160.0 122.0 187.0 197.0 55.0 197.0 122.0 171.0 71.0 97.0 178.0 146.0 93.0 126.0 61.0 229.0 163.0 79.0 205.0 62.0 106.0 193.0 198.0 99.0 116.0 159.0 78.0 161.0 121.0 131.0 191.0 106.0 134.0 129.0 138.0 121.0 147.0 158.0 142.0 172.0 124.0 80.0 142.0 70.0 56.0 113.0 138.0 195.0 33.0 173.0 97.0 70.0 139.0 207.0 243.0 79.0 172.0 103.0 66.0 93.0 107.0 75.0 237.0 126.0 136.0 126.0 175.0 158.0 78.0 173.0 142.0 145.0 164.0 150.0 204.0 119.0 265.0 137.0 125.0 87.0 127.0 228.0 116.0 126.0 146.0 181.0 196.0 136.0 137.0 102.0 56.0 131.0 192.0 134.0 118.0 178.0 122.0 120.0 148.0 124.0 34.0 128.0 82.0 21.0 162.0 86.0 123.0 168.0 62.0 64.0 129.0 100.0 49.0 122.0 120.0 197.0 242.0 192.0 125.0 126.0 164.0 125.0 131.0 78.0 186.0 122.0 183.0 103.0 135.0 199.0 228.0 92.0 156.0 125.0 183.0 457.0 141.0 55.0 67.0 133.0 146.0 67.0 180.0 109.0 111.0 64.0 146.0 125.0 215.0 47.0 89.0 149.0 98.0 124.0 148.0 132.0 153.0 33.0 110.0 118.0 139.0 122.0 171.0 131.0 50.0 92.0 164.0 197.0 23.0 118.0 122.0 172.0 68.0 214.0 169.0 18.0 100.0 113.0 115.0 146.0 139.0 141.0 136.0
77.0 92.0 160.0 176.0 59.0 219.0 136.0 128.0 99.0 97.0 98.0 140.0 78.0 164.0 0.0 124.0 103.0 124.0 129.0 251.0 83.0 148.0 122.0 120.0 74.0 167.0 183.0 153.0 77.0 467.0 112.0 91.0 65.0 140.0 202.0 134.0 160.0 51.0 66.0 138.0 164.0 206.0 113.0 149.0 127.0 215.0 131.0 164.0 105.0 130.0 103.0 31.0 135.0 71.0 99.0 106.0 107.0 177.0 135.0 47.0 86.0 161.0 73.0 87.0 115.0 157.0 208.0 81.0 120.0 112.0 183.0 65.0 69.0 103.0 99.0 135.0 138.0 206.0 192.0 51.0 128.0 130.0 167.0 122.0 74.0 104.0 109.0 144.0 132.0 193.0 121.0 76.0 130.0 100.0 196.0 88.0 113.0 141.0 113.0 91.0 41.0 202.0 122.0 132.0 132.0 141.0 47.0 59.0 100.0 125.0 81.0 182.0 126.0 200.0 90.0 158.0 185.0 152.0 173.0 87.0 103.0 133.0 134.0 124.0 81.0 144.0 103.0 148.0 58.0 126.0 170.0 302.0 120.0 161.0 206.0 128.0 141.0 109.0 117.0 138.0 155.0 113.0 162.0 126.0 168.0 160.0 104.0 94.0 93.0 225.0 162.0 66.0 122.0 35.0 139.0 68.0 44.0 125.0 50.0 131.0 130.0 120.0 96.0 133.0 172.0 206.0 113.0 262.0 201.0 154.0 199.0 86.0 197.0 138.0 242.0 126.0 113.0 190.0 35.0 129.0 168.0 105.0 129.0 65.0 144.0 143.0 211.0 71.0 173.0 47.0 120.0 195.0 153.0 186.0 99.0 170.0 142.0 77.0 211.0 70.0 104.0 129.0 109.0 58.0 176.0 171.0 125.0 65.0 117.0 167.0 170.0 133.0 130.0 114.0 197.0 50.0 91.0 88.0 108.0 84.0 106.0 145.0 242.0 52.0 143.0 99.0 160.0 179.0 208.0 165.0 116.0 120.0 41.0 145.0 86.0 85.0 85.0 70.0 110.0 137.0 107.0 183.0 167.0 88.0
214.0 121.0 67.0 49.0 46.0 442.0 40.0 117.0 34.0 53.0 76.0 107.0 51.0 134.0 124.0 0.0 53.0 92.0 148.0 132.0 56.0 113.0 172.0 117.0 42.0 164.0 51.0 128.0 129.0 675.0 72.0 85.0 130.0 182.0 55.0 57.0 78.0 74.0 13.0 126.0 79.0 110.0 56.0 147.0 70.0 57.0 58.0 134.0 68.0 96.0 259.0 15.0 230.0 116.0 95.0 117.0 88.0 154.0 79.0 48.0 163.0 87.0 39.0 60.0 111.0 54.0 211.0 105.0 196.0 79.0 51.0 134.0 51.0 157.0 55.0 79.0 126.0 128.0 168.0 74.0 146.0 195.0 186.0 172.0 42.0 25.0 143.0 63.0 36.0 246.0 15.0 78.0 74.0 185.0 132.0 94.0 174.0 45.0 227.0 160.0 18.0 235.0 120.0 114.0 148.0 66.0 111.0 65.0 141.0 79.0 100.0 68.0 113.0 199.0 88.0 102.0 115.0 52.0 174.0 102.0 157.0 46.0 91.0 126.0 107.0 94.0 259.0 113.0 39.0 93.0 200.0 93.0 70.0 115.0 110.0 167.0 201.0 94.0 54.0 59.0 98.0 159.0 68.0 180.0 113.0 101.0 111.0 101.0 125.0 253.0 66.0 37.0 87.0 84.0 201.0 38.0 38.0 71.0 71.0 79.0 15.0 103.0 190.0 248.0 113.0 247.0 118.0 126.0 26.0 78.0 119.0 88.0 288.0 117.0 187.0 121.0 281.0 202.0 84.0 148.0 113.0 68.0 148.0 130.0 63.0 62.0 92.0 127.0 174.0 48.0 126.0 206.0 53.0 71.0 158.0 63.0 75.0 104.0 112.0 204.0 47.0 85.0 80.0 84.0 62.0 65.0 146.0 142.0 117.0 67.0 188.0 102.0 53.0 102.0 18.0 95.0 109.0 19.0 83.0 152.0 28.0 155.0 187.0 66.0 13.0 34.0 87.0 83.0 211.0 106.0 141.0 156.0 18.0 130.0 79.0 66.0 254.0 53.0 55.0 155.0 70.0 150.0 118.0 111.0
67.0 40.0 146.0 95.0 97.0 125.0 104.0 74.0 86.0 76.0 92.0 123.0 89.0 148.0 103.0 53.0 0.0 66.0 138.0 273.0 84.0 91.0 234.0 123.0 53.0 94.0 39.0 176.0 45.0 657.0 217.0 152.0 94.0 107.0 99.0 62.0 167.0 184.0 38.0 260.0 79.0 16.0 122.0 144.0 119.0 177.0 33.0 148.0 91.0 116.0 179.0 52.0 192.0 47.0 76.0 199.0 58.0 134.0 120.0 70.0 88.0 151.0 35.0 101.0 165.0 208.0 145.0 85.0 109.0 135.0 39.0 73.0 3.0 99.0 39.0 120.0 260.0 94.0 155.0 184.0 143.0 79.0 209.0 234.0 53.0 66.0 93.0 52.0 9.0 124.0 69.0 75.0 153.0 146.0 150.0 60.0 127.0 77.0 133.0 111.0 75.0 183.0 116.0 73.0 141.0 158.0 93.0 95.0 142.0 141.0 139.0 108.0 135.0 88.0 151.0 152.0 136.0 154.0 127.0 128.0 99.0 59.0 116.0 153.0 44.0 135.0 179.0 91.0 25.0 58.0 144.0 130.0 123.0 114.0 16.0 96.0 117.0 475.0 11.0 124.0 82.0 38.0 131.0 80.0 41.0 111.0 130.0 98.0 140.0 191.0 83.0 57.0 100.0 112.0 135.0 66.0 28.0 33.0 33.0 117.0 199.0 89.0 187.0 94.0 100.0 255.0 196.0 110.0 174.0 179.0 178.0 131.0 361.0 119.0 133.0 87.0 131.0 91.0 112.0 138.0 41.0 91.0 138.0 94.0 52.0 52.0 174.0 47.0 127.0 70.0 155.0 172.0 105.0 186.0 119.0 131.0 484.0 77.0 154.0 48.0 91.0 29.0 134.0 216.0 42.0 143.0 171.0 104.0 108.0 130.0 233.0 105.0 36.0 120.0 55.0 58.0 57.0 44.0 117.0 178.0 58.0 108.0 133.0 23.0 70.0 86.0 94.0 37.0 145.0 155.0 42.0 113.0 75.0 135.0 148.0 75.0 114.0 81.0 103.0 40.0 180.0 136.0 85.0 114.0
68.0 157.0 54.0 62.0 137.0 596.0 152.0 123.0 7.0 116.0 67.0 106.0 98.0 66.0 124.0 92.0 66.0 0.0 102.0 119.0 26.0 248.0 132.0 64.0 88.0 116.0 81.0 124.0 61.0 748.0 103.0 132.0 73.0 79.0 61.0 126.0 122.0 97.0 85.0 135.0 43.0 77.0 53.0 142.0 57.0 55.0 104.0 66.0 88.0 103.0 137.0 167.0 89.0 43.0 44.0 170.0 227.0 69.0 64.0 62.0 77.0 128.0 50.0 125.0 140.0 47.0 89.0 67.0 203.0 60.0 81.0 91.0 63.0 170.0 56.0 64.0 135.0 131.0 80.0 97.0 46.0 133.0 69.0 132.0 88.0 22.0 189.0 60.0 86.0 99.0 40.0 21.0 62.0 121.0 83.0 104.0 123.0 53.0 122.0 58.0 79.0 251.0 55.0 120.0 105.0 50.0 75.0 34.0 172.0 34.0 117.0 96.0 72.0 162.0 196.0 184.0 115.0 139.0 78.0 29.0 170.0 97.0 103.0 206.0 26.0 63.0 137.0 248.0 67.0 82.0 134.0 70.0 60.0 60.0 77.0 99.0 57.0 146.0 73.0 68.0 87.0 82.0 118.0 46.0 53.0 133.0 62.0 37.0 63.0 162.0 66.0 37.0 71.0 106.0 88.0 56.0 82.0 89.0 75.0 52.0 34.0 59.0 174.0 125.0 119.0 225.0 158.0 198.0 152.0 125.0 37.0 21.0 87.0 69.0 84.0 60.0 105.0 94.0 106.0 102.0 53.0 88.0 102.0 73.0 60.0 83.0 30.0 112.0 78.0 62.0 136.0 182.0 66.0 22.0 152.0 102.0 122.0 70.0 54.0 87.0 67.0 136.0 66.0 123.0 87.0 149.0 95.0 124.0 83.0 133.0 61.0 45.0 31.0 54.0 142.0 113.0 74.0 32.0 62.0 132.0 28.0 37.0 84.0 83.0 49.0 7.0 66.0 98.0 89.0 154.0 101.0 47.0 79.0 126.0 131.0 29.0 87.0 64.0 69.0 210.0 81.0 106.0 68.0 77.0
91.0 39.0 103.0 175.0 164.0 514.0 157.0 122.0 36.0 122.0 137.0 108.0 178.0 125.0 129.0 148.0 138.0 102.0 0.0 189.0 122.0 90.0 214.0 99.0 64.0 127.0 114.0 135.0 142.0 717.0 255.0 179.0 109.0 65.0 117.0 179.0 220.0 135.0 163.0 264.0 208.0 201.0 95.0 105.0 48.0 41.0 145.0 125.0 121.0 79.0 110.0 116.0 87.0 114.0 45.0 168.0 175.0 82.0 88.0 120.0 48.0 42.0 173.0 135.0 182.0 92.0 59.0 120.0 69.0 93.0 114.0 163.0 118.0 115.0 42.0 88.0 264.0 192.0 120.0 135.0 63.0 18.0 73.0 214.0 64.0 45.0 88.0 88.0 159.0 89.0 104.0 146.0 100.0 83.0 107.0 81.0 53.0 134.0 65.0 202.0 69.0 159.0 142.0 116.0 94.0 52.0 99.0 169.0 189.0 68.0 64.0 153.0 139.0 166.0 162.0 265.0 106.0 131.0 42.0 23.0 115.0 180.0 87.0 196.0 113.0 90.0 110.0 90.0 125.0 41.0 70.0 78.0 254.0 34.0 201.0 80.0 97.0 191.0 88.0 93.0 90.0 161.0 174.0 130.0 200.0 177.0 145.0 176.0 77.0 56.0 89.0 97.0 103.0 161.0 143.0 129.0 124.0 161.0 99.0 66.0 121.0 102.0 133.0 200.0 82.0 169.0 131.0 124.0 193.0 44.0 52.0 203.0 316.0 80.0 152.0 135.0 87.0 98.0 161.0 0.0 200.0 121.0 0.0 109.0 88.0 125.0 118.0 89.0 42.0 120.0 165.0 217.0 100.0 110.0 43.0 146.0 229.0 142.0 57.0 85.0 178.0 113.0 152.0 278.0 42.0 50.0 150.0 74.0 148.0 191.0 75.0 51.0 135.0 165.0 42.0 125.0 133.0 146.0 46.0 79.0 113.0 103.0 152.0 115.0 211.0 36.0 163.0 179.0 59.0 72.0 166.0 70.0 69.0 91.0 165.0 174.0 37.0 77.0 72.0 166.0 33.0 187.0 97.0 68.0
163.0 263.0 417.0 223.0 368.0 41.0 121.0 176.0 147.0 277.0 121.0 154.0 417.0 195.0 251.0 132.0 273.0 119.0 189.0 0.0 19.0 197.0 70.0 134.0 142.0 82.0 244.0 566.0 118.0 71.0 353.0 27.0 331.0 353.0 191.0 498.0 98.0 188.0 92.0 204.0 241.0 196.0 125.0 66.0 299.0 251.0 260.0 195.0 144.0 253.0 178.0 423.0 418.0 231.0 91.0 11.0 66.0 428.0 400.0 308.0 151.0 178.0 167.0 206.0 102.0 264.0 204.0 204.0 257.0 347.0 244.0 31.0 203.0 168.0 157.0 400.0 204.0 142.0 181.0 188.0 167.0 121.0 421.0 70.0 142.0 109.0 146.0 224.0 217.0 407.0 146.0 54.0 360.0 80.0 219.0 224.0 187.0 197.0 162.0 296.0 324.0 109.0 239.0 77.0 335.0 145.0 146.0 133.0 48.0 444.0 163.0 388.0 146.0 142.0 19.0 12.0 430.0 438.0 171.0 183.0 168.0 93.0 262.0 52.0 204.0 316.0 178.0 197.0 121.0 99.0 473.0 286.0 336.0 500.0 196.0 111.0 175.0 30.0 121.0 163.0 196.0 251.0 3.0 162.0 508.0 69.0 420.0 136.0 69.0 370.0 197.0 70.0 138.0 115.0 203.0 203.0 57.0 65.0 63.0 380.0 430.0 143.0 367.0 299.0 320.0 302.0 219.0 184.0 358.0 216.0 200.0 131.0 391.0 302.0 440.0 292.0 275.0 335.0 115.0 189.0 508.0 144.0 189.0 331.0 224.0 224.0 462.0 90.0 171.0 308.0 166.0 215.0 369.0 349.0 68.0 311.0 35.0 240.0 222.0 267.0 93.0 91.0 155.0 74.0 199.0 148.0 305.0 189.0 276.0 14.0 312.0 193.0 165.0 158.0 397.0 148.0 181.0 367.0 188.0 118.0 97.0 143.0 440.0 97.0 152.0 147.0 388.0 129.0 204.0 558.0 60.0 147.0 324.0 183.0 126.0 134.0 193.0 140.0 413.0 84.0 305.0 307.0 226.0 130.0
129.0 42.0 99.0 199.0 120.0 254.0 144.0 189.0 144.0 147.0 144.0 145.0 124.0 156.0 83.0 56.0 84.0 26.0 122.0 19.0 0.0 67.0 40.0 107.0 130.0 93.0 100.0 223.0 89.0 379.0 115.0 21.0 146.0 117.0 100.0 59.0 36.0 106.0 111.0 101.0 57.0 77.0 138.0 93.0 135.0 250.0 130.0 156.0 141.0 188.0 155.0 63.0 224.0 99.0 48.0 17.0 55.0 168.0 114.0 83.0 164.0 175.0 66.0 93.0 46.0 176.0 165.0 127.0 108.0 120.0 100.0 69.0 67.0 126.0 70.0 114.0 101.0 95.0 177.0 106.0 142.0 143.0 181.0 40.0 130.0 90.0 128.0 120.0 159.0 161.0 127.0 45.0 76.0 104.0 213.0 115.0 169.0 87.0 149.0 167.0 121.0 90.0 120.0 103.0 170.0 107.0 68.0 125.0 63.0 192.0 124.0 208.0 159.0 131.0 28.0 16.0 201.0 121.0 118.0 99.0 126.0 62.0 189.0 49.0 59.0 171.0 155.0 67.0 88.0 56.0 114.0 163.0 105.0 167.0 77.0 127.0 70.0 122.0 17.0 114.0 68.0 81.0 52.0 90.0 124.0 96.0 72.0 124.0 56.0 199.0 130.0 35.0 166.0 128.0 149.0 92.0 76.0 55.0 63.0 162.0 188.0 95.0 191.0 88.0 127.0 227.0 238.0 150.0 251.0 178.0 152.0 96.0 522.0 189.0 187.0 156.0 120.0 116.0 128.0 122.0 124.0 141.0 122.0 146.0 120.0 142.0 228.0 69.0 118.0 83.0 65.0 192.0 158.0 182.0 89.0 172.0 60.0 69.0 178.0 66.0 61.0 107.0 121.0 31.0 82.0 173.0 121.0 167.0 115.0 132.0 148.0 158.0 66.0 139.0 56.0 55.0 152.0 54.0 139.0 56.0 43.0 141.0 187.0 71.0 110.0 144.0 190.0 96.0 165.0 167.0 65.0 116.0 121.0 147.0 23.0 126.0 97.0 124.0 140.0 151.0 226.0 133.0 104.0 124.0
123.0 168.0 222.0 125.0 182.0 353.0 161.0 83.0 216.0 187.0 124.0 200.0 127.0 175.0 148.0 113.0 91.0 248.0 90.0 197.0 67.0 0.0 141.0 130.0 203.0 57.0 55.0 176.0 171.0 593.0 192.0 107.0 125.0 172.0 54.0 90.0 126.0 166.0 80.0 199.0 197.0 58.0 87.0 72.0 129.0 183.0 38.0 175.0 193.0 196.0 198.0 123.0 179.0 107.0 97.0 208.0 54.0 140.0 134.0 195.0 228.0 108.0 88.0 222.0 99.0 210.0 135.0 159.0 105.0 147.0 55.0 89.0 82.0 122.0 234.0 134.0 199.0 76.0 159.0 166.0 98.0 91.0 217.0 141.0 203.0 80.0 106.0 186.0 204.0 236.0 141.0 141.0 185.0 30.0 183.0 150.0 80.0 162.0 154.0 148.0 202.0 128.0 138.0 118.0 149.0 162.0 100.0 152.0 145.0 200.0 125.0 129.0 170.0 113.0 166.0 128.0 147.0 192.0 123.0 152.0 122.0 61.0 158.0 87.0 65.0 191.0 198.0 0.0 169.0 83.0 143.0 144.0 174.0 122.0 58.0 162.0 180.0 251.0 55.0 162.0 95.0 157.0 144.0 83.0 225.0 58.0 223.0 218.0 163.0 156.0 108.0 107.0 123.0 155.0 167.0 167.0 147.0 67.0 77.0 207.0 364.0 214.0 157.0 218.0 110.0 236.0 147.0 78.0 188.0 167.0 101.0 162.0 234.0 163.0 274.0 169.0 135.0 75.0 155.0 90.0 225.0 193.0 90.0 125.0 186.0 262.0 206.0 53.0 123.0 195.0 168.0 98.0 178.0 163.0 108.0 159.0 194.0 174.0 203.0 186.0 163.0 118.0 179.0 154.0 74.0 120.0 169.0 125.0 132.0 236.0 245.0 174.0 135.0 187.0 98.0 174.0 67.0 119.0 187.0 79.0 107.0 255.0 274.0 227.0 155.0 216.0 302.0 103.0 135.0 174.0 154.0 165.0 202.0 147.0 112.0 87.0 157.0 94.0 128.0 88.0 171.0 165.0 99.0 90.0
223.0 159.0 279.0 239.0 80.0 286.0 130.0 161.0 146.0 246.0 112.0 252.0 232.0 198.0 122.0 172.0 234.0 132.0 214.0 70.0 40.0 141.0 0.0 148.0 230.0 95.0 175.0 263.0 101.0 381.0 170.0 21.0 119.0 282.0 166.0 118.0 105.0 122.0 211.0 146.0 274.0 171.0 138.0 93.0 199.0 296.0 141.0 198.0 142.0 293.0 174.0 95.0 210.0 261.0 98.0 131.0 49.0 209.0 148.0 98.0 208.0 202.0 92.0 225.0 17.0 310.0 251.0 138.0 149.0 206.0 175.0 37.0 218.0 227.0 224.0 148.0 146.0 92.0 183.0 122.0 179.0 142.0 257.0 0.0 230.0 134.0 107.0 213.0 216.0 316.0 153.0 102.0 206.0 84.0 202.0 154.0 184.0 130.0 164.0 217.0 262.0 112.0 120.0 107.0 163.0 218.0 161.0 112.0 112.0 272.0 149.0 254.0 178.0 150.0 62.0 73.0 218.0 223.0 201.0 187.0 227.0 97.0 304.0 56.0 112.0 254.0 174.0 141.0 128.0 113.0 207.0 208.0 170.0 186.0 171.0 103.0 180.0 120.0 50.0 268.0 53.0 127.0 123.0 135.0 279.0 76.0 203.0 168.0 116.0 235.0 302.0 84.0 145.0 122.0 207.0 98.0 76.0 87.0 81.0 259.0 279.0 130.0 111.0 142.0 112.0 366.0 251.0 187.0 426.0 214.0 305.0 166.0 473.0 203.0 349.0 273.0 200.0 105.0 122.0 214.0 279.0 142.0 214.0 119.0 213.0 320.0 329.0 58.0 201.0 98.0 132.0 140.0 175.0 331.0 78.0 294.0 141.0 89.0 231.0 241.0 102.0 124.0 157.0 63.0 195.0 194.0 157.0 147.0 180.0 170.0 290.0 311.0 162.0 201.0 162.0 131.0 195.0 117.0 272.0 66.0 209.0 185.0 349.0 138.0 258.0 146.0 325.0 202.0 251.0 224.0 58.0 182.0 262.0 155.0 31.0 131.0 185.0 139.0 273.0 190.0 320.0 213.0 160.0 115.0
75.0 79.0 84.0 126.0 75.0 415.0 77.0 100.0 77.0 57.0 124.0 118.0 78.0 151.0 120.0 117.0 123.0 64.0 99.0 134.0 107.0 130.0 148.0 0.0 104.0 166.0 111.0 147.0 125.0 732.0 98.0 122.0 109.0 76.0 192.0 49.0 176.0 99.0 74.0 74.0 120.0 111.0 86.0 164.0 116.0 143.0 79.0 151.0 74.0 99.0 138.0 65.0 134.0 60.0 98.0 138.0 107.0 151.0 109.0 77.0 94.0 77.0 38.0 129.0 125.0 153.0 121.0 114.0 62.0 65.0 111.0 119.0 113.0 164.0 107.0 109.0 74.0 116.0 179.0 99.0 179.0 33.0 90.0 148.0 104.0 149.0 200.0 124.0 110.0 89.0 59.0 92.0 91.0 85.0 158.0 58.0 90.0 38.0 42.0 27.0 77.0 149.0 83.0 132.0 156.0 94.0 43.0 83.0 131.0 100.0 78.0 190.0 188.0 165.0 159.0 145.0 197.0 181.0 51.0 58.0 164.0 66.0 131.0 169.0 76.0 175.0 138.0 130.0 98.0 126.0 115.0 186.0 80.0 65.0 111.0 145.0 58.0 163.0 156.0 157.0 113.0 158.0 136.0 95.0 121.0 172.0 98.0 103.0 102.0 185.0 79.0 83.0 76.0 44.0 270.0 151.0 103.0 72.0 108.0 106.0 82.0 45.0 80.0 92.0 71.0 107.0 74.0 168.0 141.0 116.0 117.0 65.0 144.0 120.0 81.0 86.0 67.0 136.0 44.0 99.0 121.0 74.0 99.0 109.0 124.0 176.0 119.0 107.0 51.0 77.0 129.0 153.0 81.0 147.0 148.0 94.0 160.0 45.0 208.0 176.0 81.0 113.0 132.0 130.0 125.0 154.0 82.0 61.0 86.0 147.0 115.0 151.0 75.0 58.0 64.0 79.0 109.0 68.0 108.0 192.0 72.0 101.0 81.0 117.0 109.0 77.0 117.0 128.0 121.0 106.0 68.0 65.0 77.0 82.0 128.0 59.0 68.0 65.0 80.0 87.0 45.0 66.0 101.0 64.0
33.0 16.0 66.0 103.0 116.0 495.0 102.0 192.0 115.0 62.0 64.0 114.0 129.0 99.0 74.0 42.0 53.0 88.0 64.0 142.0 130.0 203.0 230.0 104.0 0.0 122.0 109.0 220.0 64.0 614.0 161.0 121.0 89.0 72.0 120.0 131.0 168.0 60.0 100.0 189.0 69.0 134.0 79.0 137.0 39.0 64.0 136.0 99.0 21.0 83.0 110.0 64.0 108.0 69.0 77.0 121.0 142.0 159.0 78.0 52.0 87.0 112.0 90.0 60.0 154.0 61.0 87.0 146.0 90.0 105.0 109.0 121.0 94.0 139.0 16.0 78.0 189.0 179.0 173.0 60.0 110.0 191.0 156.0 230.0 0.0 93.0 111.0 56.0 62.0 62.0 86.0 78.0 92.0 80.0 121.0 31.0 168.0 53.0 157.0 70.0 6.0 198.0 128.0 163.0 123.0 109.0 63.0 87.0 144.0 91.0 101.0 69.0 85.0 145.0 135.0 147.0 99.0 86.0 109.0 87.0 139.0 95.0 74.0 149.0 55.0 92.0 110.0 203.0 255.0 67.0 107.0 148.0 79.0 64.0 134.0 164.0 71.0 147.0 76.0 91.0 249.0 95.0 125.0 140.0 270.0 130.0 130.0 102.0 211.0 198.0 106.0 110.0 63.0 82.0 75.0 37.0 72.0 95.0 98.0 20.0 31.0 64.0 199.0 42.0 139.0 170.0 146.0 144.0 112.0 74.0 101.0 101.0 372.0 84.0 57.0 11.0 235.0 98.0 82.0 64.0 270.0 21.0 64.0 89.0 56.0 65.0 111.0 127.0 109.0 52.0 152.0 264.0 61.0 94.0 155.0 161.0 169.0 83.0 91.0 30.0 64.0 114.0 117.0 172.0 79.0 64.0 121.0 74.0 96.0 113.0 132.0 85.0 91.0 47.0 48.0 81.0 30.0 113.0 65.0 107.0 106.0 127.0 57.0 74.0 83.0 115.0 50.0 95.0 87.0 166.0 105.0 72.0 6.0 85.0 117.0 80.0 35.0 43.0 43.0 88.0 89.0 88.0 44.0 123.0
250.0 166.0 331.0 262.0 163.0 185.0 173.0 122.0 242.0 198.0 150.0 144.0 130.0 130.0 167.0 164.0 94.0 116.0 127.0 82.0 93.0 57.0 95.0 166.0 122.0 0.0 215.0 243.0 191.0 510.0 203.0 80.0 227.0 248.0 280.0 130.0 179.0 138.0 166.0 227.0 266.0 28.0 139.0 17.0 145.0 142.0 103.0 130.0 189.0 290.0 227.0 152.0 141.0 318.0 80.0 224.0 112.0 149.0 218.0 177.0 204.0 294.0 119.0 303.0 88.0 245.0 153.0 147.0 195.0 198.0 215.0 105.0 88.0 41.0 260.0 218.0 227.0 130.0 140.0 138.0 116.0 75.0 249.0 95.0 122.0 159.0 123.0 127.0 220.0 388.0 197.0 132.0 215.0 81.0 200.0 158.0 147.0 251.0 164.0 291.0 173.0 109.0 137.0 62.0 88.0 105.0 214.0 222.0 146.0 195.0 207.0 230.0 128.0 104.0 110.0 127.0 139.0 198.0 165.0 141.0 41.0 187.0 240.0 175.0 273.0 190.0 227.0 57.0 135.0 58.0 163.0 81.0 172.0 196.0 28.0 85.0 176.0 102.0 102.0 322.0 74.0 179.0 113.0 167.0 275.0 12.0 257.0 226.0 92.0 110.0 343.0 38.0 176.0 214.0 290.0 302.0 119.0 222.0 221.0 212.0 318.0 158.0 169.0 189.0 97.0 310.0 223.0 22.0 121.0 166.0 91.0 134.0 359.0 151.0 250.0 170.0 195.0 99.0 214.0 127.0 275.0 189.0 127.0 227.0 127.0 205.0 219.0 91.0 165.0 177.0 117.0 167.0 251.0 263.0 60.0 168.0 81.0 145.0 156.0 132.0 206.0 147.0 122.0 128.0 61.0 58.0 124.0 167.0 357.0 176.0 293.0 145.0 217.0 227.0 264.0 134.0 156.0 274.0 194.0 98.0 257.0 213.0 250.0 243.0 96.0 242.0 316.0 101.0 153.0 174.0 126.0 149.0 173.0 186.0 76.0 132.0 156.0 141.0 343.0 89.0 298.0 235.0 97.0 124.0
92.0 107.0 137.0 122.0 88.0 266.0 83.0 74.0 99.0 112.0 100.0 135.0 98.0 97.0 183.0 51.0 39.0 81.0 114.0 244.0 100.0 55.0 175.0 111.0 109.0 215.0 0.0 174.0 46.0 689.0 175.0 92.0 106.0 112.0 50.0 85.0 150.0 153.0 175.0 198.0 105.0 22.0 90.0 45.0 111.0 150.0 52.0 97.0 96.0 113.0 182.0 47.0 153.0 78.0 79.0 122.0 69.0 123.0 123.0 74.0 146.0 137.0 55.0 180.0 107.0 182.0 150.0 199.0 83.0 151.0 0.0 122.0 34.0 101.0 46.0 123.0 198.0 64.0 140.0 153.0 81.0 92.0 207.0 175.0 109.0 73.0 107.0 35.0 90.0 162.0 92.0 115.0 133.0 88.0 143.0 37.0 88.0 87.0 142.0 89.0 95.0 63.0 187.0 39.0 128.0 119.0 117.0 81.0 101.0 194.0 121.0 139.0 122.0 86.0 109.0 205.0 155.0 119.0 116.0 143.0 101.0 62.0 140.0 132.0 69.0 134.0 182.0 55.0 51.0 60.0 134.0 61.0 139.0 122.0 22.0 96.0 131.0 146.0 33.0 83.0 79.0 61.0 102.0 76.0 60.0 59.0 128.0 135.0 96.0 153.0 97.0 119.0 118.0 116.0 205.0 62.0 23.0 65.0 66.0 140.0 207.0 132.0 207.0 89.0 72.0 228.0 198.0 64.0 136.0 148.0 113.0 103.0 225.0 154.0 114.0 103.0 139.0 36.0 116.0 114.0 60.0 96.0 114.0 106.0 35.0 86.0 182.0 166.0 116.0 74.0 92.0 160.0 83.0 171.0 67.0 120.0 175.0 63.0 178.0 49.0 102.0 76.0 113.0 168.0 43.0 78.0 131.0 121.0 126.0 123.0 256.0 172.0 51.0 122.0 92.0 143.0 45.0 55.0 96.0 141.0 69.0 106.0 114.0 176.0 87.0 99.0 108.0 64.0 150.0 95.0 56.0 110.0 95.0 99.0 90.0 64.0 108.0 82.0 102.0 53.0 222.0 141.0 67.0 80.0
77.0 195.0 112.0 112.0 175.0 457.0 186.0 194.0 167.0 134.0 143.0 65.0 114.0 132.0 153.0 128.0 176.0 124.0 135.0 566.0 223.0 176.0 263.0 147.0 220.0 243.0 174.0 0.0 203.0 782.0 182.0 220.0 131.0 121.0 241.0 165.0 222.0 167.0 132.0 248.0 122.0 178.0 142.0 313.0 115.0 206.0 188.0 132.0 92.0 144.0 48.0 134.0 156.0 215.0 163.0 364.0 162.0 134.0 102.0 134.0 42.0 65.0 122.0 164.0 240.0 161.0 126.0 197.0 108.0 111.0 174.0 167.0 178.0 210.0 54.0 102.0 248.0 220.0 123.0 167.0 180.0 157.0 59.0 263.0 220.0 144.0 268.0 196.0 224.0 96.0 123.0 169.0 190.0 176.0 140.0 93.0 150.0 86.0 152.0 36.0 98.0 243.0 192.0 212.0 123.0 135.0 94.0 140.0 223.0 120.0 70.0 85.0 125.0 124.0 277.0 300.0 162.0 123.0 122.0 75.0 210.0 177.0 81.0 244.0 125.0 206.0 48.0 176.0 169.0 195.0 72.0 241.0 173.0 71.0 178.0 230.0 134.0 555.0 191.0 239.0 215.0 136.0 225.0 64.0 142.0 243.0 84.0 152.0 271.0 103.0 143.0 180.0 59.0 48.0 117.0 114.0 182.0 132.0 219.0 90.0 126.0 94.0 197.0 71.0 133.0 112.0 99.0 245.0 195.0 86.0 188.0 155.0 160.0 119.0 193.0 107.0 53.0 237.0 48.0 135.0 142.0 92.0 135.0 131.0 196.0 213.0 138.0 246.0 122.0 134.0 252.0 276.0 72.0 248.0 161.0 162.0 606.0 224.0 182.0 125.0 160.0 260.0 167.0 181.0 122.0 199.0 151.0 193.0 80.0 218.0 180.0 128.0 126.0 61.0 248.0 200.0 67.0 198.0 117.0 194.0 115.0 158.0 193.0 217.0 167.0 167.0 76.0 151.0 126.0 135.0 128.0 123.0 98.0 63.0 222.0 180.0 84.0 138.0 80.0 172.0 103.0 132.0 121.0 118.0
71.0 140.0 85.0 126.0 63.0 359.0 114.0 36.0 81.0 57.0 62.0 122.0 73.0 152.0 77.0 129.0 45.0 61.0 142.0 118.0 89.0 171.0 101.0 125.0 64.0 191.0 46.0 203.0 0.0 449.0 120.0 87.0 58.0 98.0 105.0 68.0 99.0 57.0 79.0 218.0 101.0 64.0 70.0 151.0 85.0 193.0 27.0 152.0 69.0 99.0 141.0 30.0 174.0 58.0 64.0 72.0 121.0 125.0 105.0 88.0 89.0 146.0 67.0 37.0 100.0 96.0 180.0 52.0 90.0 95.0 46.0 35.0 23.0 55.0 74.0 105.0 218.0 79.0 142.0 57.0 121.0 107.0 168.0 101.0 64.0 75.0 57.0 61.0 51.0 113.0 45.0 42.0 136.0 52.0 159.0 51.0 166.0 80.0 173.0 179.0 18.0 187.0 79.0 117.0 101.0 122.0 181.0 67.0 91.0 138.0 125.0 94.0 99.0 191.0 108.0 112.0 145.0 172.0 125.0 114.0 55.0 60.0 160.0 88.0 58.0 153.0 141.0 171.0 56.0 78.0 153.0 169.0 154.0 109.0 64.0 75.0 101.0 149.0 60.0 149.0 145.0 35.0 96.0 102.0 61.0 133.0 120.0 77.0 72.0 182.0 114.0 41.0 99.0 110.0 122.0 106.0 16.0 53.0 23.0 153.0 111.0 81.0 163.0 80.0 126.0 239.0 185.0 138.0 219.0 210.0 164.0 172.0 437.0 115.0 134.0 98.0 145.0 86.0 110.0 142.0 61.0 69.0 142.0 58.0 61.0 94.0 170.0 74.0 125.0 88.0 99.0 212.0 97.0 174.0 210.0 170.0 184.0 88.0 126.0 66.0 101.0 51.0 123.0 150.0 74.0 126.0 125.0 86.0 108.0 101.0 150.0 106.0 49.0 116.0 151.0 19.0 53.0 38.0 113.0 69.0 64.0 69.0 134.0 10.0 203.0 81.0 132.0 74.0 180.0 99.0 52.0 94.0 18.0 134.0 84.0 65.0 183.0 93.0 102.0 174.0 132.0 146.0 132.0 89.0
